0.000000000000000000e+00 1.021958133802179347e+01
0.000000000000000000e+00 1.013146784036801940e+01
0.000000000000000000e+00 1.007215836111684482e+01
0.000000000000000000e+00 1.073557812995872496e+01
0.000000000000000000e+00 1.035063909156707496e+01
0.000000000000000000e+00 1.023148432582318001e+01
0.000000000000000000e+00 1.050990961627253917e+01
0.000000000000000000e+00 1.053416661808289412e+01
0.000000000000000000e+00 1.028336458121259689e+01
0.000000000000000000e+00 1.017569132005105281e+01
0.000000000000000000e+00 1.015880623384070347e+01
0.000000000000000000e+00 1.095213846933293311e+01
0.000000000000000000e+00 1.005497014449212045e+01
0.000000000000000000e+00 1.065082383675817823e+01
0.000000000000000000e+00 1.074070831865216036e+01
0.000000000000000000e+00 1.037163096828100706e+01
0.000000000000000000e+00 1.013725254283976085e+01
0.000000000000000000e+00 1.085297340975890279e+01
0.000000000000000000e+00 1.069897898506855327e+01
0.000000000000000000e+00 1.064601921368992876e+01
0.000000000000000000e+00 1.056927346527050204e+01
0.000000000000000000e+00 1.017044981253905256e+01
0.000000000000000000e+00 1.073324418398527946e+01
0.000000000000000000e+00 1.016032169461635171e+01
0.000000000000000000e+00 1.061616991268933674e+01
0.000000000000000000e+00 1.062156946389718293e+01
0.000000000000000000e+00 1.091082937786046259e+01
0.000000000000000000e+00 1.081433539300621227e+01
0.000000000000000000e+00 1.061995466532940924e+01
0.000000000000000000e+00 1.054410963765970344e+01
0.000000000000000000e+00 1.042498803161051413e+01
0.000000000000000000e+00 1.042698378650634439e+01
0.000000000000000000e+00 1.081850141664544118e+01
0.000000000000000000e+00 1.085773795922712637e+01
0.000000000000000000e+00 1.010108106009107765e+01
0.000000000000000000e+00 1.042131870009473005e+01
0.000000000000000000e+00 1.036266203289447319e+01
0.000000000000000000e+00 1.031608480718911913e+01
0.000000000000000000e+00 1.078390223064818798e+01
0.000000000000000000e+00 1.088476193296657968e+01
0.000000000000000000e+00 1.019100884836569776e+01
0.000000000000000000e+00 1.088248283963232765e+01
0.000000000000000000e+00 1.001921244745254036e+01
0.000000000000000000e+00 1.044097201687749532e+01
0.000000000000000000e+00 1.019147422840137551e+01
0.000000000000000000e+00 1.032607982458299389e+01
0.000000000000000000e+00 1.028386392325272425e+01
0.000000000000000000e+00 1.008450282838743561e+01
0.000000000000000000e+00 1.069627253945772338e+01
0.000000000000000000e+00 1.009872983010913217e+01
0.000000000000000000e+00 1.038914046326713958e+01
0.000000000000000000e+00 1.043870114659448234e+01
0.000000000000000000e+00 1.007560204624520672e+01
0.000000000000000000e+00 1.060289235385912399e+01
0.000000000000000000e+00 1.050068707018038161e+01
0.000000000000000000e+00 1.080864084106100087e+01
0.000000000000000000e+00 1.045824457880235947e+01
0.000000000000000000e+00 1.011394106186333985e+01
0.000000000000000000e+00 1.065083801006947795e+01
0.000000000000000000e+00 1.008490420957101108e+01
0.000000000000000000e+00 1.031205533155151777e+01
0.000000000000000000e+00 1.079839541622520827e+01
0.000000000000000000e+00 1.025279579466769420e+01
0.000000000000000000e+00 1.039882012257089450e+01
0.000000000000000000e+00 1.036222886184081915e+01
0.000000000000000000e+00 1.078888807019656504e+01
0.000000000000000000e+00 1.035597861535393172e+01
0.000000000000000000e+00 1.007233872120854024e+01
0.000000000000000000e+00 1.033838237427937834e+01
0.000000000000000000e+00 1.047774954923700186e+01
0.000000000000000000e+00 1.002363836793770169e+01
0.000000000000000000e+00 1.031181897416490223e+01
0.000000000000000000e+00 1.023148278760197982e+01
0.000000000000000000e+00 1.007753562854301066e+01
0.000000000000000000e+00 1.037938105515388543e+01
0.000000000000000000e+00 1.009837917692501463e+01
0.000000000000000000e+00 1.027375312142372543e+01
0.000000000000000000e+00 1.060293645111786986e+01
0.000000000000000000e+00 1.038369641546696087e+01
0.000000000000000000e+00 1.068103263608362496e+01
0.000000000000000000e+00 1.001099209317613159e+01
0.000000000000000000e+00 1.010078325470668936e+01
0.000000000000000000e+00 1.052849078552107720e+01
0.000000000000000000e+00 1.057640014926746019e+01
0.000000000000000000e+00 1.066126161395489724e+01
0.000000000000000000e+00 1.001602407889565960e+01
0.000000000000000000e+00 1.039935074028804962e+01
0.000000000000000000e+00 1.068962281183660856e+01
0.000000000000000000e+00 1.095943830405612296e+01
0.000000000000000000e+00 1.054003332742114729e+01
0.000000000000000000e+00 1.034852961711557029e+01
0.000000000000000000e+00 1.096837830532781233e+01
0.000000000000000000e+00 1.098524454869084721e+01
0.000000000000000000e+00 1.085469782512355508e+01
0.000000000000000000e+00 1.097566859849700194e+01
0.000000000000000000e+00 1.082407303980011193e+01
0.000000000000000000e+00 1.020463619016578960e+01
0.000000000000000000e+00 1.073470288098502223e+01
0.000000000000000000e+00 1.023215567454811747e+01
0.000000000000000000e+00 1.000967197985863066e+01
0.000000000000000000e+00 1.085306794261943608e+01
0.000000000000000000e+00 1.032537289812317560e+01
0.000000000000000000e+00 1.066908109213473566e+01
0.000000000000000000e+00 1.021065544981661333e+01
0.000000000000000000e+00 1.066576778677713655e+01
0.000000000000000000e+00 1.012112735404893904e+01
0.000000000000000000e+00 1.040994908790156437e+01
0.000000000000000000e+00 1.059507080084072506e+01
0.000000000000000000e+00 1.046331663676283696e+01
0.000000000000000000e+00 1.046635328927454012e+01
0.000000000000000000e+00 1.033808921918474333e+01
0.000000000000000000e+00 1.022802019470462120e+01
0.000000000000000000e+00 1.029581122470430898e+01
0.000000000000000000e+00 1.020311028091902905e+01
0.000000000000000000e+00 1.029078325084992152e+01
0.000000000000000000e+00 1.028118895355638074e+01
0.000000000000000000e+00 1.092274545871543268e+01
0.000000000000000000e+00 1.083504263274565993e+01
0.000000000000000000e+00 1.021744624875009144e+01
0.000000000000000000e+00 1.090698161583282477e+01
0.000000000000000000e+00 1.039325377514084892e+01
0.000000000000000000e+00 1.058656873010363064e+01
0.000000000000000000e+00 1.011473222025277785e+01
0.000000000000000000e+00 1.045246685868441539e+01
0.000000000000000000e+00 1.023958586032136786e+01
0.000000000000000000e+00 1.048565160353781422e+01
0.000000000000000000e+00 1.086581211491365728e+01
0.000000000000000000e+00 1.072087519908614439e+01
0.000000000000000000e+00 1.011796940619413654e+01
0.000000000000000000e+00 1.060988753439585430e+01
0.000000000000000000e+00 1.041101425002272940e+01
0.000000000000000000e+00 1.097313494474854068e+01
0.000000000000000000e+00 1.065943207355160105e+01
0.000000000000000000e+00 1.026922458028417395e+01
0.000000000000000000e+00 1.098597246134236372e+01
0.000000000000000000e+00 1.086233336876900601e+01
0.000000000000000000e+00 1.086533826531715086e+01
0.000000000000000000e+00 1.046174030093485108e+01
0.000000000000000000e+00 1.000325412871981712e+01
0.000000000000000000e+00 1.015202957485438162e+01
0.000000000000000000e+00 1.072519681810621783e+01
0.000000000000000000e+00 1.055949172727108376e+01
0.000000000000000000e+00 1.040094629166618567e+01
0.000000000000000000e+00 1.059804969226478377e+01
0.000000000000000000e+00 1.081702290338680683e+01
0.000000000000000000e+00 1.075815668922920487e+01
0.000000000000000000e+00 1.055333331392175644e+01
0.000000000000000000e+00 1.016342908049804805e+01
0.000000000000000000e+00 1.077729008033698754e+01
0.000000000000000000e+00 1.020041841525630666e+01
0.000000000000000000e+00 1.024647381003561186e+01
0.000000000000000000e+00 1.036526842733596965e+01
0.000000000000000000e+00 1.051823134565279361e+01
0.000000000000000000e+00 1.068988964150189602e+01
0.000000000000000000e+00 1.050611644353272922e+01
0.000000000000000000e+00 1.018739240183712269e+01
0.000000000000000000e+00 1.086708605812107642e+01
0.000000000000000000e+00 1.092572459627055892e+01
0.000000000000000000e+00 1.069093605496047772e+01
0.000000000000000000e+00 1.045562903334098870e+01
0.000000000000000000e+00 1.083263150015249821e+01
0.000000000000000000e+00 1.077312695676257448e+01
0.000000000000000000e+00 1.060608384127905524e+01
0.000000000000000000e+00 1.084984566965700381e+01
0.000000000000000000e+00 1.034402465468569687e+01
0.000000000000000000e+00 1.097677531070020684e+01
0.000000000000000000e+00 1.059770911984832154e+01
0.000000000000000000e+00 1.000934237313014208e+01
0.000000000000000000e+00 1.012460685973869801e+01
0.000000000000000000e+00 1.080977532071208280e+01
0.000000000000000000e+00 1.096665389040476590e+01
0.000000000000000000e+00 1.034739830060151533e+01
0.000000000000000000e+00 1.061757902496198014e+01
0.000000000000000000e+00 1.034650882575208897e+01
0.000000000000000000e+00 1.015960074380505240e+01
0.000000000000000000e+00 1.003030016357415732e+01
0.000000000000000000e+00 1.024723119105970248e+01
0.000000000000000000e+00 1.061479116828364155e+01
0.000000000000000000e+00 1.016013267357367234e+01
0.000000000000000000e+00 1.006902088249910321e+01
0.000000000000000000e+00 1.084587125502709171e+01
0.000000000000000000e+00 1.013278138026141661e+01
0.000000000000000000e+00 1.000024353565018842e+01
0.000000000000000000e+00 1.045221059715622935e+01
0.000000000000000000e+00 1.025276118562916672e+01
0.000000000000000000e+00 1.079939347606227784e+01
0.000000000000000000e+00 1.042661938893835760e+01
0.000000000000000000e+00 1.003826428502323154e+01
0.000000000000000000e+00 1.062723250468040348e+01
0.000000000000000000e+00 1.032448564333212282e+01
0.000000000000000000e+00 1.008537506591625110e+01
0.000000000000000000e+00 1.013750326191221696e+01
0.000000000000000000e+00 1.053547089689415550e+01
0.000000000000000000e+00 1.082096406484648377e+01
0.000000000000000000e+00 1.098100821058714338e+01
0.000000000000000000e+00 1.077154661137371328e+01
0.000000000000000000e+00 1.005345156831439724e+01
0.000000000000000000e+00 1.094805740693052520e+01
0.000000000000000000e+00 1.040596544395338086e+01
0.000000000000000000e+00 1.095336484880319894e+01
0.000000000000000000e+00 1.013912833988328543e+01
0.000000000000000000e+00 1.029753467391948618e+01
0.000000000000000000e+00 1.051516984529638776e+01
0.000000000000000000e+00 1.095892143552586084e+01
0.000000000000000000e+00 1.075131532244528998e+01
0.000000000000000000e+00 1.046279431542363803e+01
0.000000000000000000e+00 1.000616589674045365e+01
0.000000000000000000e+00 1.053353126787900962e+01
0.000000000000000000e+00 1.073348458036271147e+01
0.000000000000000000e+00 1.026724058260834127e+01
0.000000000000000000e+00 1.015872674300184464e+01
0.000000000000000000e+00 1.066237531174793141e+01
0.000000000000000000e+00 1.001048488628448929e+01
0.000000000000000000e+00 1.003998080825734363e+01
0.000000000000000000e+00 1.033985021236704682e+01
0.000000000000000000e+00 1.057333034677276373e+01
0.000000000000000000e+00 1.090622437296199898e+01
0.000000000000000000e+00 1.008721838108830582e+01
0.000000000000000000e+00 1.014571932826978262e+01
0.000000000000000000e+00 1.001311113478311476e+01
0.000000000000000000e+00 1.048366680700533493e+01
0.000000000000000000e+00 1.039097679490012993e+01
0.000000000000000000e+00 1.059245065433313826e+01
0.000000000000000000e+00 1.020070938319153875e+01
0.000000000000000000e+00 1.019327375996381413e+01
0.000000000000000000e+00 1.019750797918430330e+01
0.000000000000000000e+00 1.006589278564935519e+01
0.000000000000000000e+00 1.016015390567169696e+01
0.000000000000000000e+00 1.014326512464943875e+01
0.000000000000000000e+00 1.098801645724115872e+01
0.000000000000000000e+00 1.001747341264007396e+01
0.000000000000000000e+00 1.039120509222188815e+01
0.000000000000000000e+00 1.048350023269290254e+01
0.000000000000000000e+00 1.074713938395870905e+01
0.000000000000000000e+00 1.016980261269889496e+01
0.000000000000000000e+00 1.045883798822378807e+01
0.000000000000000000e+00 1.052004112288695836e+01
0.000000000000000000e+00 1.011857167014447434e+01
0.000000000000000000e+00 1.060713209847768823e+01
0.000000000000000000e+00 1.052356701805899775e+01
0.000000000000000000e+00 1.084007900592832918e+01
0.000000000000000000e+00 1.044777581904612695e+01
0.000000000000000000e+00 1.014025862643655174e+01
0.000000000000000000e+00 1.019581205880015595e+01
0.000000000000000000e+00 1.047636638446996571e+01
0.000000000000000000e+00 1.053570113438203926e+01
0.000000000000000000e+00 1.001518622759313182e+01
0.000000000000000000e+00 1.050756061410115905e+01
0.000000000000000000e+00 1.016128405305464355e+01
0.000000000000000000e+00 1.057526499163061118e+01
0.000000000000000000e+00 1.037549479241994987e+01
0.000000000000000000e+00 1.009293806562736329e+01
0.000000000000000000e+00 1.080957762014721979e+01
0.000000000000000000e+00 1.093130122801518667e+01
0.000000000000000000e+00 1.022378754835220072e+01
0.000000000000000000e+00 1.033588529056219940e+01
0.000000000000000000e+00 1.030450961726882930e+01
0.000000000000000000e+00 1.067349978364766017e+01
0.000000000000000000e+00 1.073185523034252320e+01
0.000000000000000000e+00 1.035783236867265700e+01
0.000000000000000000e+00 1.063566398472052654e+01
0.000000000000000000e+00 1.000183616545413123e+01
0.000000000000000000e+00 1.000581734343122875e+01
0.000000000000000000e+00 1.084149413159176234e+01
0.000000000000000000e+00 1.072694198723890935e+01
0.000000000000000000e+00 1.036709257658037764e+01
0.000000000000000000e+00 1.024992191626374627e+01
0.000000000000000000e+00 1.095166734037871414e+01
0.000000000000000000e+00 1.034873483086127699e+01
0.000000000000000000e+00 1.025005668422231508e+01
0.000000000000000000e+00 1.012923047658414077e+01
0.000000000000000000e+00 1.055616271740588985e+01
0.000000000000000000e+00 1.087912124388478219e+01
0.000000000000000000e+00 1.092398833492780241e+01
0.000000000000000000e+00 1.068578865709075565e+01
0.000000000000000000e+00 1.099998595016296221e+01
0.000000000000000000e+00 1.065552385497412402e+01
0.000000000000000000e+00 1.027805346782767515e+01
0.000000000000000000e+00 1.006979381724525702e+01
0.000000000000000000e+00 1.059103769086636682e+01
0.000000000000000000e+00 1.032340129448578558e+01
0.000000000000000000e+00 1.020130111041013876e+01
0.000000000000000000e+00 1.049621873136419659e+01
0.000000000000000000e+00 1.027093183591809300e+01
0.000000000000000000e+00 1.036164472130988301e+01
0.000000000000000000e+00 1.020364773085888288e+01
0.000000000000000000e+00 1.076003349468063419e+01
0.000000000000000000e+00 1.058427541584704201e+01
0.000000000000000000e+00 1.097284847452435486e+01
0.000000000000000000e+00 1.047545683320111465e+01
0.000000000000000000e+00 1.023456688141989268e+01
0.000000000000000000e+00 1.058942898373629404e+01
0.000000000000000000e+00 1.004638881043781851e+01
0.000000000000000000e+00 1.037283621097672182e+01
0.000000000000000000e+00 1.009371338858861122e+01
0.000000000000000000e+00 1.032706638682325995e+01
0.000000000000000000e+00 1.074344886684783518e+01
0.000000000000000000e+00 1.095530831737864119e+01
0.000000000000000000e+00 1.076375897789824698e+01
0.000000000000000000e+00 1.067134688164746414e+01
0.000000000000000000e+00 1.037105454394427007e+01
0.000000000000000000e+00 1.044289927201159784e+01
0.000000000000000000e+00 1.075899137832624852e+01
0.000000000000000000e+00 1.030209696527343155e+01
0.000000000000000000e+00 1.093625669940509049e+01
0.000000000000000000e+00 1.061599985676762969e+01
0.000000000000000000e+00 1.011386137256303819e+01
0.000000000000000000e+00 1.090062571427387006e+01
0.000000000000000000e+00 1.023538362837982874e+01
0.000000000000000000e+00 1.010925472993632290e+01
0.000000000000000000e+00 1.087949631256228678e+01
0.000000000000000000e+00 1.052865505268871971e+01
0.000000000000000000e+00 1.026108995261146717e+01
0.000000000000000000e+00 1.074809338718435470e+01
0.000000000000000000e+00 1.083323911286167274e+01
0.000000000000000000e+00 1.035397767149535753e+01
0.000000000000000000e+00 1.005417632655459137e+01
0.000000000000000000e+00 1.047755753426666026e+01
0.000000000000000000e+00 1.089797098833581757e+01
0.000000000000000000e+00 1.064995465044482081e+01
0.000000000000000000e+00 1.076983267784717846e+01
0.000000000000000000e+00 1.052340640767655877e+01
0.000000000000000000e+00 1.095613578428837975e+01
0.000000000000000000e+00 1.065766821873705439e+01
0.000000000000000000e+00 1.083067855881304631e+01
0.000000000000000000e+00 1.085064965420116145e+01
0.000000000000000000e+00 1.047732149411623404e+01
0.000000000000000000e+00 1.067825305434012151e+01
0.000000000000000000e+00 1.098029614763941630e+01
0.000000000000000000e+00 1.081317238097628497e+01
0.000000000000000000e+00 1.015328815536200580e+01
0.000000000000000000e+00 1.095000022240897053e+01
0.000000000000000000e+00 1.070514129774567991e+01
0.000000000000000000e+00 1.032388375006151193e+01
0.000000000000000000e+00 1.073299411797358616e+01
0.000000000000000000e+00 1.024454804414089182e+01
0.000000000000000000e+00 1.055206816346160892e+01
0.000000000000000000e+00 1.024967331704599260e+01
0.000000000000000000e+00 1.043654188000082605e+01
0.000000000000000000e+00 1.062228506170278486e+01
0.000000000000000000e+00 1.057433783150830919e+01
0.000000000000000000e+00 1.099497776368838586e+01
0.000000000000000000e+00 1.009354469561070822e+01
0.000000000000000000e+00 1.052720124367623100e+01
0.000000000000000000e+00 1.091933035880901670e+01
0.000000000000000000e+00 1.047108323929084328e+01
0.000000000000000000e+00 1.032220332033755739e+01
0.000000000000000000e+00 1.054637167625395833e+01
0.000000000000000000e+00 1.097040143954477109e+01
0.000000000000000000e+00 1.049223061190560990e+01
0.000000000000000000e+00 1.060745796219232773e+01
0.000000000000000000e+00 1.006173899668805660e+01
0.000000000000000000e+00 1.071448462558110570e+01
0.000000000000000000e+00 1.056766783114220232e+01
0.000000000000000000e+00 1.061556678650295460e+01
0.000000000000000000e+00 1.019812619593390757e+01
0.000000000000000000e+00 1.050991922062392625e+01
0.000000000000000000e+00 1.085829769276923784e+01
0.000000000000000000e+00 1.063222456507539881e+01
0.000000000000000000e+00 1.003123304601554544e+01
0.000000000000000000e+00 1.047455346555103439e+01
0.000000000000000000e+00 1.017162065570276219e+01
0.000000000000000000e+00 1.002547761273691229e+01
0.000000000000000000e+00 1.018796803554853625e+01
0.000000000000000000e+00 1.002808611850466924e+01
0.000000000000000000e+00 1.035645699205921133e+01
0.000000000000000000e+00 1.099946701509964164e+01
0.000000000000000000e+00 1.041059518571314868e+01
0.000000000000000000e+00 1.007093664450328063e+01
0.000000000000000000e+00 1.067826642512055990e+01
0.000000000000000000e+00 1.068596326881253766e+01
0.000000000000000000e+00 1.079213777616241998e+01
0.000000000000000000e+00 1.093850632393359845e+01
0.000000000000000000e+00 1.023715453981604284e+01
0.000000000000000000e+00 1.027761916194184977e+01
0.000000000000000000e+00 1.072953464800282219e+01
0.000000000000000000e+00 1.023111169481240701e+01
0.000000000000000000e+00 1.077990392281007814e+01
0.000000000000000000e+00 1.096039174028392083e+01
0.000000000000000000e+00 1.092847187311673096e+01
0.000000000000000000e+00 1.080789390242047610e+01
0.000000000000000000e+00 1.070708540159714062e+01
0.000000000000000000e+00 1.069294500605125720e+01
0.000000000000000000e+00 1.004784212439404989e+01
0.000000000000000000e+00 1.060127781054544549e+01
0.000000000000000000e+00 1.097040455316641960e+01
0.000000000000000000e+00 1.064295846128279344e+01
0.000000000000000000e+00 1.056864659359004044e+01
0.000000000000000000e+00 1.007036082529344512e+01
0.000000000000000000e+00 1.055309527232000377e+01
0.000000000000000000e+00 1.035834834150664463e+01
0.000000000000000000e+00 1.075737094037892305e+01
0.000000000000000000e+00 1.062596599700380473e+01
0.000000000000000000e+00 1.092810718891276345e+01
0.000000000000000000e+00 1.013356745013840410e+01
0.000000000000000000e+00 1.026128018442513401e+01
0.000000000000000000e+00 1.096409685150378088e+01
0.000000000000000000e+00 1.034780946393535572e+01
0.000000000000000000e+00 1.000528005345552707e+01
0.000000000000000000e+00 1.041836783007212475e+01
0.000000000000000000e+00 1.003863342320943097e+01
0.000000000000000000e+00 1.019876160272961130e+01
0.000000000000000000e+00 1.068535919928882194e+01
0.000000000000000000e+00 1.068053117129711360e+01
0.000000000000000000e+00 1.043836064137573594e+01
0.000000000000000000e+00 1.024372627127419655e+01
0.000000000000000000e+00 1.076863362056275619e+01
0.000000000000000000e+00 1.078747177153675452e+01
0.000000000000000000e+00 1.085441929953327111e+01
0.000000000000000000e+00 1.023197884351574416e+01
0.000000000000000000e+00 1.041108199582402527e+01
0.000000000000000000e+00 1.014531286217066786e+01
0.000000000000000000e+00 1.004478115908214875e+01
0.000000000000000000e+00 1.010172129354768522e+01
0.000000000000000000e+00 1.078818559968477864e+01
0.000000000000000000e+00 1.091825147496285275e+01
0.000000000000000000e+00 1.064977209982657769e+01
0.000000000000000000e+00 1.041185602085401563e+01
0.000000000000000000e+00 1.046249825958476087e+01
0.000000000000000000e+00 1.032371640315192352e+01
0.000000000000000000e+00 1.025784834901039311e+01
0.000000000000000000e+00 1.034415785324500447e+01
0.000000000000000000e+00 1.031385014025861580e+01
0.000000000000000000e+00 1.012845825720415505e+01
0.000000000000000000e+00 1.000644799178120437e+01
0.000000000000000000e+00 1.015728756505722430e+01
0.000000000000000000e+00 1.035121978193798853e+01
0.000000000000000000e+00 1.013690590832853289e+01
0.000000000000000000e+00 1.067654463648929486e+01
0.000000000000000000e+00 1.036659253019487714e+01
0.000000000000000000e+00 1.092158803097097142e+01
0.000000000000000000e+00 1.019065465720161612e+01
0.000000000000000000e+00 1.032815937733875522e+01
0.000000000000000000e+00 1.014966341160837260e+01
0.000000000000000000e+00 1.056614808272131434e+01
0.000000000000000000e+00 1.028339340364722787e+01
0.000000000000000000e+00 1.026398349991826109e+01
0.000000000000000000e+00 1.018249897043870611e+01
0.000000000000000000e+00 1.012951157043156059e+01
0.000000000000000000e+00 1.006755554905592476e+01
0.000000000000000000e+00 1.023620898777784660e+01
0.000000000000000000e+00 1.009622328288281246e+01
0.000000000000000000e+00 1.075477698561703477e+01
0.000000000000000000e+00 1.016703405495848145e+01
0.000000000000000000e+00 1.054132320283038027e+01
0.000000000000000000e+00 1.027211766213405930e+01
0.000000000000000000e+00 1.056377087354213451e+01
0.000000000000000000e+00 1.048421151003794982e+01
0.000000000000000000e+00 1.036661091210823038e+01
0.000000000000000000e+00 1.049913394319360727e+01
0.000000000000000000e+00 1.015297180927770704e+01
0.000000000000000000e+00 1.017022700707248895e+01
0.000000000000000000e+00 1.088653835873224551e+01
0.000000000000000000e+00 1.021081506353956136e+01
0.000000000000000000e+00 1.023806594682493909e+01
0.000000000000000000e+00 1.084191432355942375e+01
0.000000000000000000e+00 1.073813131207212557e+01
0.000000000000000000e+00 1.048964666428217285e+01
0.000000000000000000e+00 1.028938785529543765e+01
0.000000000000000000e+00 1.061131205561365221e+01
0.000000000000000000e+00 1.047267801118553088e+01
0.000000000000000000e+00 1.054522715466680260e+01
0.000000000000000000e+00 1.068071137091080658e+01
0.000000000000000000e+00 1.021648623589726057e+01
0.000000000000000000e+00 1.019881837951166403e+01
0.000000000000000000e+00 1.069997797920609273e+01
0.000000000000000000e+00 1.074997739059661406e+01
0.000000000000000000e+00 1.093359374937981343e+01
0.000000000000000000e+00 1.073178329033218681e+01
0.000000000000000000e+00 1.047018749556944428e+01
0.000000000000000000e+00 1.083247239005256013e+01
0.000000000000000000e+00 1.078818738694784685e+01
0.000000000000000000e+00 1.069663114549221739e+01
0.000000000000000000e+00 1.057395167818707904e+01
0.000000000000000000e+00 1.065534610232545099e+01
0.000000000000000000e+00 1.081644695040550985e+01
0.000000000000000000e+00 1.037024154693296474e+01
0.000000000000000000e+00 1.097276265385639071e+01
0.000000000000000000e+00 1.074036976998008264e+01
0.000000000000000000e+00 1.022591150615441968e+01
0.000000000000000000e+00 1.077505688850347099e+01
0.000000000000000000e+00 1.018546915346412618e+01
0.000000000000000000e+00 1.099159748775464784e+01
0.000000000000000000e+00 1.078289987896787316e+01
0.000000000000000000e+00 1.050721957639988879e+01
0.000000000000000000e+00 1.058754522563308065e+01
0.000000000000000000e+00 1.002632465361481984e+01
0.000000000000000000e+00 1.032768786448033183e+01
0.000000000000000000e+00 1.025282180417901401e+01
0.000000000000000000e+00 1.049412612927779875e+01
0.000000000000000000e+00 1.053064446240722241e+01
0.000000000000000000e+00 1.080293386642706110e+01
0.000000000000000000e+00 1.001744179240938948e+01
0.000000000000000000e+00 1.001674672892130680e+01
0.000000000000000000e+00 1.075675601606557485e+01
0.000000000000000000e+00 1.072233174308517256e+01
0.000000000000000000e+00 1.024099519365520550e+01
0.000000000000000000e+00 1.015651801347611460e+01
0.000000000000000000e+00 1.095744192552098539e+01
0.000000000000000000e+00 1.041476079605529570e+01
0.000000000000000000e+00 1.077635282502389735e+01
0.000000000000000000e+00 1.038312536539463160e+01
0.000000000000000000e+00 1.039428708772465626e+01
0.000000000000000000e+00 1.054491008277975439e+01
0.000000000000000000e+00 1.096170615729997699e+01
0.000000000000000000e+00 1.086800224476521670e+01
0.000000000000000000e+00 1.089900374649971226e+01
0.000000000000000000e+00 1.029068958643695453e+01
0.000000000000000000e+00 1.044015625843371886e+01
0.000000000000000000e+00 1.094494887808006744e+01
0.000000000000000000e+00 1.052067893916943575e+01
0.000000000000000000e+00 1.096381756596408152e+01
0.000000000000000000e+00 1.073021792577848821e+01
0.000000000000000000e+00 1.005734753068399101e+01
0.000000000000000000e+00 1.088631914662683897e+01
0.000000000000000000e+00 1.043518727119307599e+01
0.000000000000000000e+00 1.022775176156685006e+01
0.000000000000000000e+00 1.008025092019890856e+01
0.000000000000000000e+00 1.008863279524765666e+01
0.000000000000000000e+00 1.037075604151850250e+01
0.000000000000000000e+00 1.075041888560909342e+01
0.000000000000000000e+00 1.099417214466790860e+01
0.000000000000000000e+00 1.020685859002296070e+01
0.000000000000000000e+00 1.029393014247860627e+01
0.000000000000000000e+00 1.006562727635789578e+01
0.000000000000000000e+00 1.075690217840273100e+01
0.000000000000000000e+00 1.024658614711755966e+01
0.000000000000000000e+00 1.027068685960088779e+01
0.000000000000000000e+00 1.021759193626684592e+01
0.000000000000000000e+00 1.064010694282307412e+01
0.000000000000000000e+00 1.057449156799430767e+01
0.000000000000000000e+00 1.093873790117612899e+01
0.000000000000000000e+00 1.051651360090489007e+01
0.000000000000000000e+00 1.088024766912579366e+01
0.000000000000000000e+00 1.080454687890625820e+01
0.000000000000000000e+00 1.083305561731162037e+01
0.000000000000000000e+00 1.084499748395801610e+01
0.000000000000000000e+00 1.008110869011092348e+01
0.000000000000000000e+00 1.033330550284106941e+01
0.000000000000000000e+00 1.041344891356233227e+01
0.000000000000000000e+00 1.087434499235543051e+01
0.000000000000000000e+00 1.049986150900274318e+01
0.000000000000000000e+00 1.033658373530108321e+01
0.000000000000000000e+00 1.091127500077688950e+01
0.000000000000000000e+00 1.013173361736864742e+01
0.000000000000000000e+00 1.063689068041284891e+01
0.000000000000000000e+00 1.025131658105746624e+01
0.000000000000000000e+00 1.074623790695306269e+01
0.000000000000000000e+00 1.006468300873772037e+01
0.000000000000000000e+00 1.013856996057789495e+01
0.000000000000000000e+00 1.003490943143688341e+01
0.000000000000000000e+00 1.034910251036269813e+01
0.000000000000000000e+00 1.097872460680886064e+01
0.000000000000000000e+00 1.098879563492022804e+01
0.000000000000000000e+00 1.088830065556075510e+01
0.000000000000000000e+00 1.054772949878419475e+01
0.000000000000000000e+00 1.027033943435810492e+01
0.000000000000000000e+00 1.042805317511105301e+01
0.000000000000000000e+00 1.039525621722109605e+01
0.000000000000000000e+00 1.099030389505983329e+01
0.000000000000000000e+00 1.051644155450816065e+01
0.000000000000000000e+00 1.057195516984549322e+01
0.000000000000000000e+00 1.042204381864439000e+01
0.000000000000000000e+00 1.034467738073992926e+01
0.000000000000000000e+00 1.027944565843336555e+01
0.000000000000000000e+00 1.023295325353945628e+01
0.000000000000000000e+00 1.041381349495932440e+01
0.000000000000000000e+00 1.051345996540217342e+01
0.000000000000000000e+00 1.020180827343544294e+01
0.000000000000000000e+00 1.034855445558356557e+01
0.000000000000000000e+00 1.096934227503165538e+01
0.000000000000000000e+00 1.025611939526328875e+01
0.000000000000000000e+00 1.047595222224932243e+01
0.000000000000000000e+00 1.036933352401967490e+01
0.000000000000000000e+00 1.093912736563305188e+01
0.000000000000000000e+00 1.007347082854385256e+01
0.000000000000000000e+00 1.077669905390069438e+01
0.000000000000000000e+00 1.084135661945430229e+01
0.000000000000000000e+00 1.083697673064968647e+01
0.000000000000000000e+00 1.015122226974514774e+01
0.000000000000000000e+00 1.018858998160664697e+01
0.000000000000000000e+00 1.072605047834780301e+01
0.000000000000000000e+00 1.078086293403429075e+01
0.000000000000000000e+00 1.055627251036378134e+01
0.000000000000000000e+00 1.079812126378187109e+01
0.000000000000000000e+00 1.052421403837866265e+01
0.000000000000000000e+00 1.034076976203374265e+01
0.000000000000000000e+00 1.081295751335767186e+01
0.000000000000000000e+00 1.069379627208606465e+01
0.000000000000000000e+00 1.091105189325337044e+01
0.000000000000000000e+00 1.044968022386545670e+01
0.000000000000000000e+00 1.024217225508088447e+01
0.000000000000000000e+00 1.089529228480155076e+01
0.000000000000000000e+00 1.021254236302609186e+01
0.000000000000000000e+00 1.089829668665380069e+01
0.000000000000000000e+00 1.078173110493084152e+01
0.000000000000000000e+00 1.067282831557068157e+01
0.000000000000000000e+00 1.044274407818148731e+01
0.000000000000000000e+00 1.071725275842760894e+01
0.000000000000000000e+00 1.008431995769096545e+01
0.000000000000000000e+00 1.001681974981214651e+01
0.000000000000000000e+00 1.069478280950890792e+01
0.000000000000000000e+00 1.063409480343473490e+01
0.000000000000000000e+00 1.080582609868998389e+01
0.000000000000000000e+00 1.063926497134286642e+01
0.000000000000000000e+00 1.096535537307910424e+01
0.000000000000000000e+00 1.037420110880401580e+01
0.000000000000000000e+00 1.045457517564559957e+01
0.000000000000000000e+00 1.098131529487354108e+01
0.000000000000000000e+00 1.037187354031567033e+01
0.000000000000000000e+00 1.068023123720588075e+01
0.000000000000000000e+00 1.097692933205971677e+01
0.000000000000000000e+00 1.043650173034589379e+01
0.000000000000000000e+00 1.058894416905824620e+01
0.000000000000000000e+00 1.011266521594305168e+01
0.000000000000000000e+00 1.072352342285818061e+01
0.000000000000000000e+00 1.084999588129907444e+01
0.000000000000000000e+00 1.076815985471464643e+01
0.000000000000000000e+00 1.097736472496109705e+01
0.000000000000000000e+00 1.088638514053266348e+01
0.000000000000000000e+00 1.085438227684763568e+01
0.000000000000000000e+00 1.076570953449832757e+01
0.000000000000000000e+00 1.049121225838491789e+01
0.000000000000000000e+00 1.025875451489554457e+01
0.000000000000000000e+00 1.079521186885089001e+01
0.000000000000000000e+00 1.058886013367391854e+01
0.000000000000000000e+00 1.015467636175072741e+01
0.000000000000000000e+00 1.002081182052588204e+01
0.000000000000000000e+00 1.074871244539842507e+01
0.000000000000000000e+00 1.069337005930542261e+01
0.000000000000000000e+00 1.078171729842779847e+01
0.000000000000000000e+00 1.093264198938453902e+01
0.000000000000000000e+00 1.031605585278047421e+01
0.000000000000000000e+00 1.031535958669033803e+01
0.000000000000000000e+00 1.086544474162620233e+01
0.000000000000000000e+00 1.020914745076958141e+01
0.000000000000000000e+00 1.010133260020506718e+01
0.000000000000000000e+00 1.093377383947467507e+01
0.000000000000000000e+00 1.026981345444820981e+01
0.000000000000000000e+00 1.046895125114211922e+01
0.000000000000000000e+00 1.023145931736344139e+01
0.000000000000000000e+00 1.040489400323468239e+01
0.000000000000000000e+00 1.067581104381244295e+01
0.000000000000000000e+00 1.039892170513919645e+01
0.000000000000000000e+00 1.062204725992835641e+01
0.000000000000000000e+00 1.007362338266341695e+01
0.000000000000000000e+00 1.030607848185998954e+01
0.000000000000000000e+00 1.098187524495591205e+01
0.000000000000000000e+00 1.006943820234124587e+01
0.000000000000000000e+00 1.098192616476073447e+01
0.000000000000000000e+00 1.078199121624392198e+01
0.000000000000000000e+00 1.077559195381709678e+01
0.000000000000000000e+00 1.096274433198252396e+01
0.000000000000000000e+00 1.094438794094586420e+01
0.000000000000000000e+00 1.002180459727383166e+01
0.000000000000000000e+00 1.088969228178028104e+01
0.000000000000000000e+00 1.083550408746574334e+01
0.000000000000000000e+00 1.048987681806404026e+01
0.000000000000000000e+00 1.012029294160920401e+01
0.000000000000000000e+00 1.034510224289581970e+01
0.000000000000000000e+00 1.068089745230122745e+01
0.000000000000000000e+00 1.019797689988415534e+01
0.000000000000000000e+00 1.050800213990193832e+01
0.000000000000000000e+00 1.058218305173167018e+01
0.000000000000000000e+00 1.035463447282300287e+01
0.000000000000000000e+00 1.036218186913950312e+01
0.000000000000000000e+00 1.082352924403673988e+01
0.000000000000000000e+00 1.081005892417732284e+01
0.000000000000000000e+00 1.088912261415660154e+01
0.000000000000000000e+00 1.077724869841388333e+01
0.000000000000000000e+00 1.002343166495171189e+01
0.000000000000000000e+00 1.044028470546393450e+01
0.000000000000000000e+00 1.030125051127482827e+01
0.000000000000000000e+00 1.035398962849202498e+01
0.000000000000000000e+00 1.090468626425798249e+01
0.000000000000000000e+00 1.003752941254720099e+01
0.000000000000000000e+00 1.066661942139696428e+01
0.000000000000000000e+00 1.040763071471535106e+01
0.000000000000000000e+00 1.098173644697924622e+01
0.000000000000000000e+00 1.008746277894175059e+01
0.000000000000000000e+00 1.075632263098282237e+01
0.000000000000000000e+00 1.099179607245470081e+01
0.000000000000000000e+00 1.055849044307808704e+01
0.000000000000000000e+00 1.063974908797475294e+01
0.000000000000000000e+00 1.027452188229298535e+01
0.000000000000000000e+00 1.054336399913318445e+01
0.000000000000000000e+00 1.080681075957283710e+01
0.000000000000000000e+00 1.031765180916219826e+01
0.000000000000000000e+00 1.094066821775740017e+01
0.000000000000000000e+00 1.070793553025665013e+01
0.000000000000000000e+00 1.062997669771628750e+01
0.000000000000000000e+00 1.093095242396505995e+01
0.000000000000000000e+00 1.034096915676390971e+01
0.000000000000000000e+00 1.047291472114286748e+01
0.000000000000000000e+00 1.089068938832486566e+01
0.000000000000000000e+00 1.061639317703459362e+01
0.000000000000000000e+00 1.045272654355246367e+01
0.000000000000000000e+00 1.020070696208878225e+01
0.000000000000000000e+00 1.063416288270340537e+01
0.000000000000000000e+00 1.046986705329414313e+01
0.000000000000000000e+00 1.010984826012582616e+01
0.000000000000000000e+00 1.036485058819749305e+01
0.000000000000000000e+00 1.079367267067362413e+01
0.000000000000000000e+00 1.038083193590063757e+01
0.000000000000000000e+00 1.017882505479812139e+01
0.000000000000000000e+00 1.091122126561037575e+01
0.000000000000000000e+00 1.078801385703144611e+01
0.000000000000000000e+00 1.090967922791363875e+01
0.000000000000000000e+00 1.057135411173457129e+01
0.000000000000000000e+00 1.032070679143185998e+01
0.000000000000000000e+00 1.035972310589215439e+01
0.000000000000000000e+00 1.032285177231872986e+01
0.000000000000000000e+00 1.078164919450842518e+01
0.000000000000000000e+00 1.064638678046293485e+01
0.000000000000000000e+00 1.097425850844563122e+01
0.000000000000000000e+00 1.018695934749856669e+01
0.000000000000000000e+00 1.099056845845786157e+01
0.000000000000000000e+00 1.005404516496545853e+01
0.000000000000000000e+00 1.074873776913189261e+01
0.000000000000000000e+00 1.094542278723070616e+01
0.000000000000000000e+00 1.067095047690839849e+01
0.000000000000000000e+00 1.060089305681499283e+01
0.000000000000000000e+00 1.051548151305663659e+01
0.000000000000000000e+00 1.091795853649437298e+01
0.000000000000000000e+00 1.075997659729173073e+01
0.000000000000000000e+00 1.044402636677737028e+01
0.000000000000000000e+00 1.061034841176639176e+01
0.000000000000000000e+00 1.026732763368278789e+01
0.000000000000000000e+00 1.062969040966891043e+01
0.000000000000000000e+00 1.085521317114917750e+01
0.000000000000000000e+00 1.086326283466705611e+01
0.000000000000000000e+00 1.012953321295403342e+01
0.000000000000000000e+00 1.052223370549456405e+01
0.000000000000000000e+00 1.023661236135781927e+01
0.000000000000000000e+00 1.017806720385822494e+01
0.000000000000000000e+00 1.006226464655456709e+01
0.000000000000000000e+00 1.049660208220850066e+01
0.000000000000000000e+00 1.030945427170934536e+01
0.000000000000000000e+00 1.053717445988697676e+01
0.000000000000000000e+00 1.042132518334121905e+01
0.000000000000000000e+00 1.099430407463423620e+01
0.000000000000000000e+00 1.027173294740176779e+01
0.000000000000000000e+00 1.048326237510230641e+01
0.000000000000000000e+00 1.098075952337661754e+01
0.000000000000000000e+00 1.067612287857190090e+01
0.000000000000000000e+00 1.074434374024445837e+01
0.000000000000000000e+00 1.098126271285426192e+01
0.000000000000000000e+00 1.054810186458482946e+01
0.000000000000000000e+00 1.058939584597396433e+01
0.000000000000000000e+00 1.063276654854126413e+01
0.000000000000000000e+00 1.084778440065265315e+01
0.000000000000000000e+00 1.078160147167030125e+01
0.000000000000000000e+00 1.006229134599379904e+01
0.000000000000000000e+00 1.094147033018768234e+01
0.000000000000000000e+00 1.017549342628153930e+01
0.000000000000000000e+00 1.015722249293255075e+01
0.000000000000000000e+00 1.084524120041953132e+01
0.000000000000000000e+00 1.095137144755116054e+01
0.000000000000000000e+00 1.031204808252527449e+01
0.000000000000000000e+00 1.041950187722050991e+01
0.000000000000000000e+00 1.099989013099974322e+01
0.000000000000000000e+00 1.048827337911530933e+01
0.000000000000000000e+00 1.058735654876490706e+01
0.000000000000000000e+00 1.010800165907446768e+01
0.000000000000000000e+00 1.062513134089974542e+01
0.000000000000000000e+00 1.042804065365979760e+01
0.000000000000000000e+00 1.081498517235114143e+01
0.000000000000000000e+00 1.009183397236443902e+01
0.000000000000000000e+00 1.074215618536282335e+01
0.000000000000000000e+00 1.034701552917115208e+01
0.000000000000000000e+00 1.031994074853623111e+01
0.000000000000000000e+00 1.055775374871389438e+01
0.000000000000000000e+00 1.045584510838125780e+01
0.000000000000000000e+00 1.087898646755547993e+01
0.000000000000000000e+00 1.097363972124288445e+01
0.000000000000000000e+00 1.080605043716078129e+01
0.000000000000000000e+00 1.079185598127462775e+01
0.000000000000000000e+00 1.090222641119393288e+01
0.000000000000000000e+00 1.007649532603442566e+01
0.000000000000000000e+00 1.036533434463049552e+01
0.000000000000000000e+00 1.054626295876546394e+01
0.000000000000000000e+00 1.097280465187885667e+01
0.000000000000000000e+00 1.061489138174960623e+01
0.000000000000000000e+00 1.055294842702983260e+01
0.000000000000000000e+00 1.040382847361455632e+01
0.000000000000000000e+00 1.095178442486027670e+01
0.000000000000000000e+00 1.022910254919557360e+01
0.000000000000000000e+00 1.072579075641342428e+01
0.000000000000000000e+00 1.068703202184186907e+01
0.000000000000000000e+00 1.025370047402098272e+01
0.000000000000000000e+00 1.030222036896614490e+01
0.000000000000000000e+00 1.039747270288189895e+01
0.000000000000000000e+00 1.090680177475903534e+01
0.000000000000000000e+00 1.013938670975560719e+01
0.000000000000000000e+00 1.053716691202313704e+01
0.000000000000000000e+00 1.096259155575632960e+01
0.000000000000000000e+00 1.097596904593288336e+01
0.000000000000000000e+00 1.089949023752560819e+01
0.000000000000000000e+00 1.030673535185093748e+01
0.000000000000000000e+00 1.026350339850448101e+01
0.000000000000000000e+00 1.069360653561242991e+01
0.000000000000000000e+00 1.087743354304790699e+01
0.000000000000000000e+00 1.065441149786245489e+01
0.000000000000000000e+00 1.082456788070849285e+01
0.000000000000000000e+00 1.080036585450590536e+01
0.000000000000000000e+00 1.087351842411247915e+01
0.000000000000000000e+00 1.011402143891509375e+01
0.000000000000000000e+00 1.058907313421178031e+01
0.000000000000000000e+00 1.087385537394129287e+01
0.000000000000000000e+00 1.053005299190233046e+01
0.000000000000000000e+00 1.099669305730472502e+01
0.000000000000000000e+00 1.009635619350569513e+01
0.000000000000000000e+00 1.038280520757144032e+01
0.000000000000000000e+00 1.064735566851983783e+01
0.000000000000000000e+00 1.033562168351618560e+01
0.000000000000000000e+00 1.020157969296794143e+01
0.000000000000000000e+00 1.058154434302916869e+01
0.000000000000000000e+00 1.007051765823307399e+01
0.000000000000000000e+00 1.042798273244408414e+01
0.000000000000000000e+00 1.081290780476677327e+01
0.000000000000000000e+00 1.088568320221439656e+01
0.000000000000000000e+00 1.060784940203154747e+01
0.000000000000000000e+00 1.034253069907647671e+01
0.000000000000000000e+00 1.016910138123255258e+01
0.000000000000000000e+00 1.011141876918250837e+01
0.000000000000000000e+00 1.077236477545483950e+01
0.000000000000000000e+00 1.073673960200713040e+01
0.000000000000000000e+00 1.058503571178450642e+01
0.000000000000000000e+00 1.069061226183112900e+01
0.000000000000000000e+00 1.065213540590449703e+01
0.000000000000000000e+00 1.035856306436465246e+01
0.000000000000000000e+00 1.036380542812841554e+01
0.000000000000000000e+00 1.088735943965290787e+01
0.000000000000000000e+00 1.032618695175323253e+01
0.000000000000000000e+00 1.019142643952863558e+01
0.000000000000000000e+00 1.070172843431169696e+01
0.000000000000000000e+00 1.010740289206492193e+01
0.000000000000000000e+00 1.084913905571633741e+01
0.000000000000000000e+00 1.054290668584993895e+01
0.000000000000000000e+00 1.005615646685018305e+01
0.000000000000000000e+00 1.053164165193429902e+01
0.000000000000000000e+00 1.054600359852839908e+01
0.000000000000000000e+00 1.014716614523522686e+01
0.000000000000000000e+00 1.035365306777322125e+01
0.000000000000000000e+00 1.018784962382536996e+01
0.000000000000000000e+00 1.008367937711133955e+01
0.000000000000000000e+00 1.090694825788301792e+01
0.000000000000000000e+00 1.013167493513371831e+01
0.000000000000000000e+00 1.037318428262333114e+01
0.000000000000000000e+00 1.079937951167029908e+01
0.000000000000000000e+00 1.008406565508949804e+01
0.000000000000000000e+00 1.014693735093731775e+01
0.000000000000000000e+00 1.065659544216816279e+01
0.000000000000000000e+00 1.017699136923259218e+01
0.000000000000000000e+00 1.057442862357988211e+01
0.000000000000000000e+00 1.063931091587423339e+01
0.000000000000000000e+00 1.083777623643553234e+01
0.000000000000000000e+00 1.046031011526819654e+01
0.000000000000000000e+00 1.029926384327776923e+01
0.000000000000000000e+00 1.060350408286073964e+01
0.000000000000000000e+00 1.086044184657125378e+01
0.000000000000000000e+00 1.060315821173557715e+01
0.000000000000000000e+00 1.099588961149532018e+01
0.000000000000000000e+00 1.086450314381618831e+01
0.000000000000000000e+00 1.021446453510929864e+01
0.000000000000000000e+00 1.090111525869703613e+01
0.000000000000000000e+00 1.060974871467893088e+01
0.000000000000000000e+00 1.086372471674284057e+01
0.000000000000000000e+00 1.084083410172632611e+01
0.000000000000000000e+00 1.045489220577795209e+01
0.000000000000000000e+00 1.064740862791656895e+01
0.000000000000000000e+00 1.059485052660583904e+01
0.000000000000000000e+00 1.020010164164819244e+01
0.000000000000000000e+00 1.086527061381300641e+01
0.000000000000000000e+00 1.082871398597365697e+01
0.000000000000000000e+00 1.000656811781679245e+01
0.000000000000000000e+00 1.035022493948676647e+01
0.000000000000000000e+00 1.083481652448343624e+01
0.000000000000000000e+00 1.021642501086694210e+01
0.000000000000000000e+00 1.042632793835992189e+01
0.000000000000000000e+00 1.082611740727481298e+01
0.000000000000000000e+00 1.055447218038688817e+01
0.000000000000000000e+00 1.032283859518105196e+01
0.000000000000000000e+00 1.020651361768998377e+01
0.000000000000000000e+00 1.067969432530103724e+01
0.000000000000000000e+00 1.085115772136501100e+01
0.000000000000000000e+00 1.042173010996551241e+01
0.000000000000000000e+00 1.057426047154247506e+01
0.000000000000000000e+00 1.029092337186613193e+01
0.000000000000000000e+00 1.023877600693937850e+01
0.000000000000000000e+00 1.047465903808455856e+01
0.000000000000000000e+00 1.016372511617597674e+01
0.000000000000000000e+00 1.065750499267881146e+01
0.000000000000000000e+00 1.025116303552184149e+01
0.000000000000000000e+00 1.008873541235492866e+01
0.000000000000000000e+00 1.046792057845607005e+01
0.000000000000000000e+00 1.064671781778531745e+01
0.000000000000000000e+00 1.034040342268507828e+01
0.000000000000000000e+00 1.067561868161699046e+01
0.000000000000000000e+00 1.003488289884190898e+01
1.000000000000000000e+00 1.058955938776205485e+01
1.000000000000000000e+00 1.022668299639215839e+01
1.000000000000000000e+00 1.066235986461280127e+01
1.000000000000000000e+00 1.035654330245404964e+01
1.000000000000000000e+00 1.038502399091561479e+01
1.000000000000000000e+00 1.033398002909321534e+01
1.000000000000000000e+00 1.031654084482349099e+01
1.000000000000000000e+00 1.011575717360050319e+01
1.000000000000000000e+00 1.098714897618449626e+01
1.000000000000000000e+00 1.006093571903529593e+01
1.000000000000000000e+00 1.045286507421148414e+01
1.000000000000000000e+00 1.075531928062451925e+01
1.000000000000000000e+00 1.091565851453551161e+01
1.000000000000000000e+00 1.007003303606481204e+01
1.000000000000000000e+00 1.080677737312665165e+01
1.000000000000000000e+00 1.003160499121193183e+01
1.000000000000000000e+00 1.066235101285505849e+01
1.000000000000000000e+00 1.093548258465856016e+01
1.000000000000000000e+00 1.061807773127834764e+01
1.000000000000000000e+00 1.037306557203443624e+01
1.000000000000000000e+00 1.059475720610560501e+01
1.000000000000000000e+00 1.054967517629035711e+01
1.000000000000000000e+00 1.098576548833996469e+01
1.000000000000000000e+00 1.061706592360940427e+01
1.000000000000000000e+00 1.037938272546406537e+01
1.000000000000000000e+00 1.058734457737772772e+01
1.000000000000000000e+00 1.016421343931589938e+01
1.000000000000000000e+00 1.028343483160277572e+01
1.000000000000000000e+00 1.054455146401454968e+01
1.000000000000000000e+00 1.005731755240172731e+01
1.000000000000000000e+00 1.031096231938734142e+01
1.000000000000000000e+00 1.084608973345266492e+01
1.000000000000000000e+00 1.097613583813401839e+01
1.000000000000000000e+00 1.053111245963718900e+01
1.000000000000000000e+00 1.041857769579236859e+01
1.000000000000000000e+00 1.069653232550981237e+01
1.000000000000000000e+00 1.041777465983385653e+01
1.000000000000000000e+00 1.038837177828655456e+01
1.000000000000000000e+00 1.077588044042682114e+01
1.000000000000000000e+00 1.051283127531671724e+01
1.000000000000000000e+00 1.086361330314536922e+01
1.000000000000000000e+00 1.090385851534268546e+01
1.000000000000000000e+00 1.082853621474692751e+01
1.000000000000000000e+00 1.089260215839645163e+01
1.000000000000000000e+00 1.083957125484615602e+01
1.000000000000000000e+00 1.047551930253530195e+01
1.000000000000000000e+00 1.037545618836265859e+01
1.000000000000000000e+00 1.050970652996002208e+01
1.000000000000000000e+00 1.047694421591514136e+01
1.000000000000000000e+00 1.064079225158905828e+01
1.000000000000000000e+00 1.092553154677280602e+01
1.000000000000000000e+00 1.012916609572009286e+01
1.000000000000000000e+00 1.071347575297256149e+01
1.000000000000000000e+00 1.060851910437822809e+01
1.000000000000000000e+00 1.060843099241538212e+01
1.000000000000000000e+00 1.043544552746917908e+01
1.000000000000000000e+00 1.098996880003633159e+01
1.000000000000000000e+00 1.091320249326132874e+01
1.000000000000000000e+00 1.087639670808683690e+01
1.000000000000000000e+00 1.081716210758363772e+01
1.000000000000000000e+00 1.071168745078020734e+01
1.000000000000000000e+00 1.028069865695201734e+01
1.000000000000000000e+00 1.068056464064708422e+01
1.000000000000000000e+00 1.063262235611156470e+01
1.000000000000000000e+00 1.099090045969890461e+01
1.000000000000000000e+00 1.073980301744363786e+01
1.000000000000000000e+00 1.040758971333772109e+01
1.000000000000000000e+00 1.097167416564370335e+01
1.000000000000000000e+00 1.034054181729147714e+01
1.000000000000000000e+00 1.056363786130988380e+01
1.000000000000000000e+00 1.030267327955418644e+01
1.000000000000000000e+00 1.053133760081870385e+01
1.000000000000000000e+00 1.074148543327204486e+01
1.000000000000000000e+00 1.056031601264983344e+01
1.000000000000000000e+00 1.057920067913665640e+01
1.000000000000000000e+00 1.071756333015044049e+01
1.000000000000000000e+00 1.034387912717588875e+01
1.000000000000000000e+00 1.039339754172481101e+01
1.000000000000000000e+00 1.015063723803352325e+01
1.000000000000000000e+00 1.049402385932167725e+01
1.000000000000000000e+00 1.049933683436176679e+01
1.000000000000000000e+00 1.098274381203662209e+01
1.000000000000000000e+00 1.034750465966687294e+01
1.000000000000000000e+00 1.018532721251989770e+01
1.000000000000000000e+00 1.062920519218247506e+01
1.000000000000000000e+00 1.022473320497504190e+01
1.000000000000000000e+00 1.094437313046908145e+01
1.000000000000000000e+00 1.015089605097234937e+01
1.000000000000000000e+00 1.002784798981683423e+01
1.000000000000000000e+00 1.054722821277889366e+01
1.000000000000000000e+00 1.071306181603441665e+01
1.000000000000000000e+00 1.008702864491822204e+01
1.000000000000000000e+00 1.067884120394483283e+01
1.000000000000000000e+00 1.094999089714170992e+01
1.000000000000000000e+00 1.090753159067177336e+01
1.000000000000000000e+00 1.083929944999163553e+01
1.000000000000000000e+00 1.077820401156517605e+01
1.000000000000000000e+00 1.055111724177270816e+01
1.000000000000000000e+00 1.014619269039221905e+01
1.000000000000000000e+00 1.087523462459248336e+01
1.000000000000000000e+00 1.087048326559658484e+01
1.000000000000000000e+00 1.066294772277850633e+01
1.000000000000000000e+00 1.097090976110404448e+01
1.000000000000000000e+00 1.032432800573264231e+01
1.000000000000000000e+00 1.065395678921917977e+01
1.000000000000000000e+00 1.047103900989491443e+01
1.000000000000000000e+00 1.019472249924900176e+01
1.000000000000000000e+00 1.053558204799857734e+01
1.000000000000000000e+00 1.073824990462668083e+01
1.000000000000000000e+00 1.056045068920284891e+01
1.000000000000000000e+00 1.015618993288190453e+01
1.000000000000000000e+00 1.036668186067616837e+01
1.000000000000000000e+00 1.066840843057870103e+01
1.000000000000000000e+00 1.022970619678221915e+01
1.000000000000000000e+00 1.007209957880315088e+01
1.000000000000000000e+00 1.009195276378517647e+01
1.000000000000000000e+00 1.091844466566283067e+01
1.000000000000000000e+00 1.046775217729651430e+01
1.000000000000000000e+00 1.012601486837413489e+01
1.000000000000000000e+00 1.012331518037585631e+01
1.000000000000000000e+00 1.022102372408652293e+01
1.000000000000000000e+00 1.046024203374840411e+01
1.000000000000000000e+00 1.079803769801388924e+01
1.000000000000000000e+00 1.088834596598378468e+01
1.000000000000000000e+00 1.000220558748517519e+01
1.000000000000000000e+00 1.082673579873853953e+01
1.000000000000000000e+00 1.042316308451857587e+01
1.000000000000000000e+00 1.027163486868204423e+01
1.000000000000000000e+00 1.095577786848563839e+01
1.000000000000000000e+00 1.037506825493501061e+01
1.000000000000000000e+00 1.073698094532578473e+01
1.000000000000000000e+00 1.042989694177793147e+01
1.000000000000000000e+00 1.017139346977161196e+01
1.000000000000000000e+00 1.099582054879593862e+01
1.000000000000000000e+00 1.053108806323440483e+01
1.000000000000000000e+00 1.087566836644379720e+01
1.000000000000000000e+00 1.030228260590456912e+01
1.000000000000000000e+00 1.024709393858575446e+01
1.000000000000000000e+00 1.096099162908195801e+01
1.000000000000000000e+00 1.066042613163463670e+01
1.000000000000000000e+00 1.009568393589344026e+01
1.000000000000000000e+00 1.032560101101021743e+01
1.000000000000000000e+00 1.018609915478102934e+01
1.000000000000000000e+00 1.077993960421581043e+01
1.000000000000000000e+00 1.000058864240547152e+01
1.000000000000000000e+00 1.029096743522633517e+01
1.000000000000000000e+00 1.033850468673534806e+01
1.000000000000000000e+00 1.054795179362906765e+01
1.000000000000000000e+00 1.051111089197878812e+01
1.000000000000000000e+00 1.021426244433857633e+01
1.000000000000000000e+00 1.055413893830518646e+01
1.000000000000000000e+00 1.086308003734959904e+01
1.000000000000000000e+00 1.047376799328052854e+01
1.000000000000000000e+00 1.027965269488743694e+01
1.000000000000000000e+00 1.004297835005912276e+01
1.000000000000000000e+00 1.001188291276036502e+01
1.000000000000000000e+00 1.009102910455349011e+01
1.000000000000000000e+00 1.006345520317211850e+01
1.000000000000000000e+00 1.037026616226925846e+01
1.000000000000000000e+00 1.034082195795637205e+01
1.000000000000000000e+00 1.099902761724378664e+01
1.000000000000000000e+00 1.091523522113208600e+01
1.000000000000000000e+00 1.014623290776179587e+01
1.000000000000000000e+00 1.013032621327779381e+01
1.000000000000000000e+00 1.047089138023880572e+01
1.000000000000000000e+00 1.054469157945561975e+01
1.000000000000000000e+00 1.075199673909396658e+01
1.000000000000000000e+00 1.043863383948543877e+01
1.000000000000000000e+00 1.097559851633660877e+01
1.000000000000000000e+00 1.059252321106611205e+01
1.000000000000000000e+00 1.052744631094467032e+01
1.000000000000000000e+00 1.017597047031478752e+01
1.000000000000000000e+00 1.015940908706114953e+01
1.000000000000000000e+00 1.092513334376115353e+01
1.000000000000000000e+00 1.055805510898943567e+01
1.000000000000000000e+00 1.082528992544298418e+01
1.000000000000000000e+00 1.086306463800532285e+01
1.000000000000000000e+00 1.075869094225640232e+01
1.000000000000000000e+00 1.058886670622486648e+01
1.000000000000000000e+00 1.067645239234759380e+01
1.000000000000000000e+00 1.031700195599179359e+01
1.000000000000000000e+00 1.038645073438001276e+01
1.000000000000000000e+00 1.082930925851315962e+01
1.000000000000000000e+00 1.023968870757508220e+01
1.000000000000000000e+00 1.008488334033975953e+01
1.000000000000000000e+00 1.066519742788109859e+01
1.000000000000000000e+00 1.005229404831927376e+01
1.000000000000000000e+00 1.001376298418708899e+01
1.000000000000000000e+00 1.016500959983775765e+01
1.000000000000000000e+00 1.068284958855826261e+01
1.000000000000000000e+00 1.078184123893902857e+01
1.000000000000000000e+00 1.037836067524964356e+01
1.000000000000000000e+00 1.011280849798631110e+01
1.000000000000000000e+00 1.023427175877355744e+01
1.000000000000000000e+00 1.098806251027755820e+01
1.000000000000000000e+00 1.042599874434532659e+01
1.000000000000000000e+00 1.080484986442710138e+01
1.000000000000000000e+00 1.004714981418630160e+01
1.000000000000000000e+00 1.020353814673368298e+01
1.000000000000000000e+00 1.039093954112905394e+01
1.000000000000000000e+00 1.036011272963618879e+01
1.000000000000000000e+00 1.021706178588699565e+01
1.000000000000000000e+00 1.068462392861799515e+01
1.000000000000000000e+00 1.018611908446763259e+01
1.000000000000000000e+00 1.076276219961187230e+01
1.000000000000000000e+00 1.070311508276015822e+01
1.000000000000000000e+00 1.021231235962307160e+01
1.000000000000000000e+00 1.033780050898087133e+01
1.000000000000000000e+00 1.020134766460971676e+01
1.000000000000000000e+00 1.063933096973361714e+01
1.000000000000000000e+00 1.068120069749863532e+01
1.000000000000000000e+00 1.009828394374505578e+01
1.000000000000000000e+00 1.073918003757978923e+01
1.000000000000000000e+00 1.012299479429317195e+01
1.000000000000000000e+00 1.046548253213049584e+01
1.000000000000000000e+00 1.026339949732815349e+01
1.000000000000000000e+00 1.012368453655884437e+01
1.000000000000000000e+00 1.026885443886184568e+01
1.000000000000000000e+00 1.069934419990845598e+01
1.000000000000000000e+00 1.029122529731984059e+01
1.000000000000000000e+00 1.091906330325568497e+01
1.000000000000000000e+00 1.058265362836767309e+01
1.000000000000000000e+00 1.039193463534715534e+01
1.000000000000000000e+00 1.068299490206172031e+01
1.000000000000000000e+00 1.048346833834166247e+01
1.000000000000000000e+00 1.081682816333314712e+01
1.000000000000000000e+00 1.057656684292389748e+01
1.000000000000000000e+00 1.045295201226996085e+01
1.000000000000000000e+00 1.010077979479889621e+01
1.000000000000000000e+00 1.083776006880266962e+01
1.000000000000000000e+00 1.011769492085096012e+01
1.000000000000000000e+00 1.009471746678597093e+01
1.000000000000000000e+00 1.048134119503398587e+01
1.000000000000000000e+00 1.022108585460274099e+01
1.000000000000000000e+00 1.057927069940425291e+01
1.000000000000000000e+00 1.094091735674980903e+01
1.000000000000000000e+00 1.022453117574945303e+01
1.000000000000000000e+00 1.045156931126088118e+01
1.000000000000000000e+00 1.022098089651355046e+01
1.000000000000000000e+00 1.067069964345941635e+01
1.000000000000000000e+00 1.051731673980936321e+01
1.000000000000000000e+00 1.019755830233621552e+01
1.000000000000000000e+00 1.081319909318905204e+01
1.000000000000000000e+00 1.022272442183046337e+01
1.000000000000000000e+00 1.031013857101457809e+01
1.000000000000000000e+00 1.003016029849172597e+01
1.000000000000000000e+00 1.041034534842416193e+01
1.000000000000000000e+00 1.099133658521604495e+01
1.000000000000000000e+00 1.056992909499591171e+01
1.000000000000000000e+00 1.077077347813344588e+01
1.000000000000000000e+00 1.097459227655411595e+01
1.000000000000000000e+00 1.079139082629551716e+01
1.000000000000000000e+00 1.009097392489606015e+01
1.000000000000000000e+00 1.089735777425091356e+01
1.000000000000000000e+00 1.067944761988831281e+01
1.000000000000000000e+00 1.077536584333554615e+01
1.000000000000000000e+00 1.086033041087315532e+01
1.000000000000000000e+00 1.058353787127188461e+01
1.000000000000000000e+00 1.066790013064022702e+01
1.000000000000000000e+00 1.024564860082391071e+01
1.000000000000000000e+00 1.039624271463142158e+01
1.000000000000000000e+00 1.045640293691852740e+01
1.000000000000000000e+00 1.062915128426755729e+01
1.000000000000000000e+00 1.030055676907160667e+01
1.000000000000000000e+00 1.077927421080890547e+01
1.000000000000000000e+00 1.006552365547720562e+01
1.000000000000000000e+00 1.053424371738969256e+01
1.000000000000000000e+00 1.071189945438533897e+01
1.000000000000000000e+00 1.030833334379927457e+01
1.000000000000000000e+00 1.001397060919980930e+01
1.000000000000000000e+00 1.036740356173448596e+01
1.000000000000000000e+00 1.045715756530822382e+01
1.000000000000000000e+00 1.069613824486485854e+01
1.000000000000000000e+00 1.001587327912226399e+01
1.000000000000000000e+00 1.045632018005084163e+01
1.000000000000000000e+00 1.042454883202562677e+01
1.000000000000000000e+00 1.009729270751827990e+01
1.000000000000000000e+00 1.051372260215137899e+01
1.000000000000000000e+00 1.033340128873407338e+01
1.000000000000000000e+00 1.094009320632679660e+01
1.000000000000000000e+00 1.035252375498180122e+01
1.000000000000000000e+00 1.018287143480566215e+01
1.000000000000000000e+00 1.014246589883010330e+01
1.000000000000000000e+00 1.039039311458365233e+01
1.000000000000000000e+00 1.003867550425439070e+01
1.000000000000000000e+00 1.068101285115873544e+01
1.000000000000000000e+00 1.063564244160630778e+01
1.000000000000000000e+00 1.023263079725779079e+01
1.000000000000000000e+00 1.043482523586617283e+01
1.000000000000000000e+00 1.036441336591862949e+01
1.000000000000000000e+00 1.091850020151859724e+01
1.000000000000000000e+00 1.054473881898488763e+01
1.000000000000000000e+00 1.046766995296160019e+01
1.000000000000000000e+00 1.043882973827691707e+01
1.000000000000000000e+00 1.027161819685370148e+01
1.000000000000000000e+00 1.053109439241311307e+01
1.000000000000000000e+00 1.073188717093937861e+01
1.000000000000000000e+00 1.026854092584247091e+01
1.000000000000000000e+00 1.081427077758993427e+01
1.000000000000000000e+00 1.023579662697195225e+01
1.000000000000000000e+00 1.082536404777504657e+01
1.000000000000000000e+00 1.062911946650932116e+01
1.000000000000000000e+00 1.020231956658035166e+01
1.000000000000000000e+00 1.058256718632389948e+01
1.000000000000000000e+00 1.019554122844269273e+01
1.000000000000000000e+00 1.086582182593254053e+01
1.000000000000000000e+00 1.050885924857615628e+01
1.000000000000000000e+00 1.020577916285499853e+01
1.000000000000000000e+00 1.019114087507988842e+01
1.000000000000000000e+00 1.074633969083044782e+01
1.000000000000000000e+00 1.083567183568282744e+01
1.000000000000000000e+00 1.069990785492158381e+01
1.000000000000000000e+00 1.043294883881753776e+01
1.000000000000000000e+00 1.063605789453988493e+01
1.000000000000000000e+00 1.038718486177563527e+01
1.000000000000000000e+00 1.048454253562462846e+01
1.000000000000000000e+00 1.039394832907199806e+01
1.000000000000000000e+00 1.055297565611455646e+01
1.000000000000000000e+00 1.029185681897652849e+01
1.000000000000000000e+00 1.055207193835189372e+01
1.000000000000000000e+00 1.097792409914045031e+01
1.000000000000000000e+00 1.026845476769626408e+01
1.000000000000000000e+00 1.075173452300095533e+01
1.000000000000000000e+00 1.069805086575587794e+01
1.000000000000000000e+00 1.066669598916456962e+01
1.000000000000000000e+00 1.047920835605057199e+01
1.000000000000000000e+00 1.014556067391860594e+01
1.000000000000000000e+00 1.003617442914550928e+01
1.000000000000000000e+00 1.087276159172584400e+01
1.000000000000000000e+00 1.032804571866756227e+01
1.000000000000000000e+00 1.055179598674433628e+01
1.000000000000000000e+00 1.026591925411717199e+01
1.000000000000000000e+00 1.027886212782294706e+01
1.000000000000000000e+00 1.066406056494584753e+01
1.000000000000000000e+00 1.073544531972078886e+01
1.000000000000000000e+00 1.074239008453139910e+01
1.000000000000000000e+00 1.067309937148576182e+01
1.000000000000000000e+00 1.040984962082569254e+01
1.000000000000000000e+00 1.084221390763713444e+01
1.000000000000000000e+00 1.033313201426104655e+01
1.000000000000000000e+00 1.070210168474013024e+01
1.000000000000000000e+00 1.077687607370790701e+01
1.000000000000000000e+00 1.003227958164416478e+01
1.000000000000000000e+00 1.094542042306202312e+01
1.000000000000000000e+00 1.063617093543423664e+01
1.000000000000000000e+00 1.017792265121429196e+01
1.000000000000000000e+00 1.031952602157008059e+01
1.000000000000000000e+00 1.060766842025293499e+01
1.000000000000000000e+00 1.005281534065810156e+01
1.000000000000000000e+00 1.067705214073678910e+01
1.000000000000000000e+00 1.082195326463658880e+01
1.000000000000000000e+00 1.091098844796267997e+01
1.000000000000000000e+00 1.030619374013889455e+01
1.000000000000000000e+00 1.055601048668455455e+01
1.000000000000000000e+00 1.045931199605194628e+01
1.000000000000000000e+00 1.071144108978118226e+01
1.000000000000000000e+00 1.051830729851322133e+01
1.000000000000000000e+00 1.070436832630848123e+01
1.000000000000000000e+00 1.007872924277986648e+01
1.000000000000000000e+00 1.019371947817048074e+01
1.000000000000000000e+00 1.040544646304284271e+01
1.000000000000000000e+00 1.090774512125998186e+01
1.000000000000000000e+00 1.014494526226967963e+01
1.000000000000000000e+00 1.072891590311966681e+01
1.000000000000000000e+00 1.083464327145115824e+01
1.000000000000000000e+00 1.010457322994878027e+01
1.000000000000000000e+00 1.075872591800797728e+01
1.000000000000000000e+00 1.083496105729689774e+01
1.000000000000000000e+00 1.051685901908753529e+01
1.000000000000000000e+00 1.051207062666136416e+01
1.000000000000000000e+00 1.071082758052273753e+01
1.000000000000000000e+00 1.033319000360249440e+01
1.000000000000000000e+00 1.083960151386339632e+01
1.000000000000000000e+00 1.066973423144244570e+01
1.000000000000000000e+00 1.057105401313271109e+01
1.000000000000000000e+00 1.058554279736518922e+01
1.000000000000000000e+00 1.082341071731155857e+01
1.000000000000000000e+00 1.089525839215259495e+01
1.000000000000000000e+00 1.052574848197931345e+01
1.000000000000000000e+00 1.063667029217845794e+01
1.000000000000000000e+00 1.014164994748417215e+01
1.000000000000000000e+00 1.029550216093896253e+01
1.000000000000000000e+00 1.059566553912018705e+01
1.000000000000000000e+00 1.017139337225023610e+01
1.000000000000000000e+00 1.064318566324942950e+01
1.000000000000000000e+00 1.094235120360490043e+01
1.000000000000000000e+00 1.051566784814408528e+01
1.000000000000000000e+00 1.017298080737312205e+01
1.000000000000000000e+00 1.048341027111425561e+01
1.000000000000000000e+00 1.055406203018402422e+01
1.000000000000000000e+00 1.011925204230611008e+01
1.000000000000000000e+00 1.029127070298392610e+01
1.000000000000000000e+00 1.099115436159057069e+01
1.000000000000000000e+00 1.039325732777015610e+01
1.000000000000000000e+00 1.000814121384200028e+01
1.000000000000000000e+00 1.060716105537016496e+01
1.000000000000000000e+00 1.085687747787830837e+01
1.000000000000000000e+00 1.046661737728300956e+01
1.000000000000000000e+00 1.072518372182965507e+01
1.000000000000000000e+00 1.008167487695618192e+01
1.000000000000000000e+00 1.081769730078475611e+01
1.000000000000000000e+00 1.029842933656542314e+01
1.000000000000000000e+00 1.053997565621094878e+01
1.000000000000000000e+00 1.064308198541646888e+01
1.000000000000000000e+00 1.063300893711625505e+01
1.000000000000000000e+00 1.023020937992504997e+01
1.000000000000000000e+00 1.019679632888714593e+01
1.000000000000000000e+00 1.086323412270740008e+01
1.000000000000000000e+00 1.079579492830738197e+01
1.000000000000000000e+00 1.079327433392892033e+01
1.000000000000000000e+00 1.022209587446454115e+01
1.000000000000000000e+00 1.001031918667684018e+01
1.000000000000000000e+00 1.037332980092866208e+01
1.000000000000000000e+00 1.009515190316041000e+01
1.000000000000000000e+00 1.077436302585431349e+01
1.000000000000000000e+00 1.093868287466403189e+01
1.000000000000000000e+00 1.099006812790918808e+01
1.000000000000000000e+00 1.051577270733103298e+01
1.000000000000000000e+00 1.070679008360309581e+01
1.000000000000000000e+00 1.093144669586933837e+01
1.000000000000000000e+00 1.021980740933353538e+01
1.000000000000000000e+00 1.041865932533177741e+01
1.000000000000000000e+00 1.068545362061318116e+01
1.000000000000000000e+00 1.088369250430060653e+01
1.000000000000000000e+00 1.013978933811131000e+01
1.000000000000000000e+00 1.069822633372680087e+01
1.000000000000000000e+00 1.080942530040184479e+01
1.000000000000000000e+00 1.083829717453930463e+01
1.000000000000000000e+00 1.042326676781105732e+01
1.000000000000000000e+00 1.089876644652298410e+01
1.000000000000000000e+00 1.030843677617112775e+01
1.000000000000000000e+00 1.044829252203814463e+01
1.000000000000000000e+00 1.083869024236500422e+01
1.000000000000000000e+00 1.072374759653763654e+01
1.000000000000000000e+00 1.097273457796129037e+01
1.000000000000000000e+00 1.057488504393207407e+01
1.000000000000000000e+00 1.071484065956445164e+01
1.000000000000000000e+00 1.096392049460703433e+01
1.000000000000000000e+00 1.067119971474128981e+01
1.000000000000000000e+00 1.090233300570335828e+01
1.000000000000000000e+00 1.029729403750580019e+01
1.000000000000000000e+00 1.039776383272424987e+01
1.000000000000000000e+00 1.041028547384770242e+01
1.000000000000000000e+00 1.043635238987926783e+01
1.000000000000000000e+00 1.069322366753782561e+01
1.000000000000000000e+00 1.022362835627288824e+01
1.000000000000000000e+00 1.018095773590486353e+01
1.000000000000000000e+00 1.094216254855103010e+01
1.000000000000000000e+00 1.095054956890671427e+01
1.000000000000000000e+00 1.031673405813826960e+01
1.000000000000000000e+00 1.097588310243410170e+01
1.000000000000000000e+00 1.006145184126252090e+01
1.000000000000000000e+00 1.091232498354625591e+01
1.000000000000000000e+00 1.031637155729540822e+01
1.000000000000000000e+00 1.059234326287736039e+01
1.000000000000000000e+00 1.040214901080875087e+01
1.000000000000000000e+00 1.060134296892225336e+01
1.000000000000000000e+00 1.052263798718903409e+01
1.000000000000000000e+00 1.015089437279528894e+01
1.000000000000000000e+00 1.096892588466800866e+01
1.000000000000000000e+00 1.047833011241677426e+01
1.000000000000000000e+00 1.039518345823321255e+01
1.000000000000000000e+00 1.006457032138185959e+01
1.000000000000000000e+00 1.062928646519215192e+01
1.000000000000000000e+00 1.025186211311360651e+01
1.000000000000000000e+00 1.017346882243688100e+01
1.000000000000000000e+00 1.062886766337818933e+01
1.000000000000000000e+00 1.097720749856284961e+01
1.000000000000000000e+00 1.041384841727689192e+01
1.000000000000000000e+00 1.036966959906693830e+01
1.000000000000000000e+00 1.005815362535084390e+01
1.000000000000000000e+00 1.041958702644456736e+01
1.000000000000000000e+00 1.016686616836149071e+01
1.000000000000000000e+00 1.064732451050990747e+01
1.000000000000000000e+00 1.014389224177489623e+01
1.000000000000000000e+00 1.049255967496967834e+01
1.000000000000000000e+00 1.080457937296710291e+01
1.000000000000000000e+00 1.031472478905595480e+01
1.000000000000000000e+00 1.030521795107147831e+01
1.000000000000000000e+00 1.051287619471632873e+01
1.000000000000000000e+00 1.075254423985982122e+01
1.000000000000000000e+00 1.099882582070610937e+01
1.000000000000000000e+00 1.038087577411961604e+01
1.000000000000000000e+00 1.002634818190309751e+01
1.000000000000000000e+00 1.076169428120815752e+01
1.000000000000000000e+00 1.044295887325318084e+01
1.000000000000000000e+00 1.062361211062464506e+01
1.000000000000000000e+00 1.025543341287467847e+01
1.000000000000000000e+00 1.077204354549253651e+01
1.000000000000000000e+00 1.093617169196305561e+01
1.000000000000000000e+00 1.087156643004488288e+01
1.000000000000000000e+00 1.012862407855847913e+01
1.000000000000000000e+00 1.002709558509746657e+01
1.000000000000000000e+00 1.062979642602791408e+01
1.000000000000000000e+00 1.081911462380515054e+01
1.000000000000000000e+00 1.028690537913094438e+01
1.000000000000000000e+00 1.036178278957568999e+01
1.000000000000000000e+00 1.056045304060332590e+01
1.000000000000000000e+00 1.091439711231398135e+01
1.000000000000000000e+00 1.054943551658103118e+01
1.000000000000000000e+00 1.006307665257496708e+01
1.000000000000000000e+00 1.001415190057523930e+01
1.000000000000000000e+00 1.026648482673138041e+01
1.000000000000000000e+00 1.097814044497632402e+01
1.000000000000000000e+00 1.056727496672696454e+01
1.000000000000000000e+00 1.077622629300421409e+01
1.000000000000000000e+00 1.050936875832221240e+01
1.000000000000000000e+00 1.004541252232145787e+01
1.000000000000000000e+00 1.046978709420450038e+01
1.000000000000000000e+00 1.012696733723896081e+01
1.000000000000000000e+00 1.094454004636229527e+01
1.000000000000000000e+00 1.081896996701057390e+01
1.000000000000000000e+00 1.021200639146505651e+01
1.000000000000000000e+00 1.005917106621454948e+01
1.000000000000000000e+00 1.043726451026697077e+01
1.000000000000000000e+00 1.049954422215503591e+01
1.000000000000000000e+00 1.005993829961698971e+01
1.000000000000000000e+00 1.047332863948721204e+01
1.000000000000000000e+00 1.036581684431398287e+01
1.000000000000000000e+00 1.046963809912918641e+01
1.000000000000000000e+00 1.096535302090185127e+01
1.000000000000000000e+00 1.068899378458283245e+01
1.000000000000000000e+00 1.004549191423219767e+01
1.000000000000000000e+00 1.071365968708810357e+01
1.000000000000000000e+00 1.081098085743855108e+01
1.000000000000000000e+00 1.070467734578996222e+01
1.000000000000000000e+00 1.013738032472828898e+01
1.000000000000000000e+00 1.030855706063200117e+01
1.000000000000000000e+00 1.001438449915290541e+01
1.000000000000000000e+00 1.070229611306389117e+01
1.000000000000000000e+00 1.076781110138075626e+01
1.000000000000000000e+00 1.014180549219322458e+01
1.000000000000000000e+00 1.089497883943627521e+01
1.000000000000000000e+00 1.007057885573451550e+01
1.000000000000000000e+00 1.048170585448524506e+01
1.000000000000000000e+00 1.000438546229232273e+01
1.000000000000000000e+00 1.071379261038812736e+01
1.000000000000000000e+00 1.010090876623362277e+01
1.000000000000000000e+00 1.041606359946297289e+01
1.000000000000000000e+00 1.067409608040602009e+01
1.000000000000000000e+00 1.096676083643025379e+01
1.000000000000000000e+00 1.091000682410862765e+01
1.000000000000000000e+00 1.052764873112248623e+01
1.000000000000000000e+00 1.060986287162090669e+01
1.000000000000000000e+00 1.073600142663254609e+01
1.000000000000000000e+00 1.071689286706178379e+01
1.000000000000000000e+00 1.065373334498746161e+01
1.000000000000000000e+00 1.013100673165334698e+01
1.000000000000000000e+00 1.070788786974707385e+01
1.000000000000000000e+00 1.032087238225110326e+01
1.000000000000000000e+00 1.023749797267802997e+01
1.000000000000000000e+00 1.025608901916572258e+01
1.000000000000000000e+00 1.075935375930761317e+01
1.000000000000000000e+00 1.029624335371400434e+01
1.000000000000000000e+00 1.005932490631647269e+01
1.000000000000000000e+00 1.046103035913812107e+01
1.000000000000000000e+00 1.009478684634230028e+01
1.000000000000000000e+00 1.015900788836257895e+01
1.000000000000000000e+00 1.007433122939379722e+01
1.000000000000000000e+00 1.066545555229811271e+01
1.000000000000000000e+00 1.040146549697364975e+01
1.000000000000000000e+00 1.055964353196234917e+01
1.000000000000000000e+00 1.084639484221361805e+01
1.000000000000000000e+00 1.018548066355340076e+01
1.000000000000000000e+00 1.092058826936908034e+01
1.000000000000000000e+00 1.057916217251125524e+01
1.000000000000000000e+00 1.072349597520757314e+01
1.000000000000000000e+00 1.004321943079518320e+01
1.000000000000000000e+00 1.040707000946850869e+01
1.000000000000000000e+00 1.018308012465188206e+01
1.000000000000000000e+00 1.013020675335587484e+01
1.000000000000000000e+00 1.067648736334910176e+01
1.000000000000000000e+00 1.040675064879799905e+01
1.000000000000000000e+00 1.065904278094512669e+01
1.000000000000000000e+00 1.011628927589970139e+01
1.000000000000000000e+00 1.017270132219006840e+01
1.000000000000000000e+00 1.002239988820863026e+01
1.000000000000000000e+00 1.051779782834048405e+01
1.000000000000000000e+00 1.076497110028079796e+01
1.000000000000000000e+00 1.004211977606837536e+01
1.000000000000000000e+00 1.041028893084318696e+01
1.000000000000000000e+00 1.079062250340023787e+01
1.000000000000000000e+00 1.040953285602571654e+01
1.000000000000000000e+00 1.016089253892852362e+01
1.000000000000000000e+00 1.073247997975682111e+01
1.000000000000000000e+00 1.082117168061855494e+01
1.000000000000000000e+00 1.001802622768954265e+01
1.000000000000000000e+00 1.042502662414379699e+01
1.000000000000000000e+00 1.028652348852191167e+01
1.000000000000000000e+00 1.030081840514765368e+01
1.000000000000000000e+00 1.077309608929672180e+01
1.000000000000000000e+00 1.029615711080247564e+01
1.000000000000000000e+00 1.050205376345109443e+01
1.000000000000000000e+00 1.015449187681804943e+01
1.000000000000000000e+00 1.097496478370546313e+01
1.000000000000000000e+00 1.017566806158120052e+01
1.000000000000000000e+00 1.046265773384201836e+01
1.000000000000000000e+00 1.088657196979138675e+01
1.000000000000000000e+00 1.057538701519555957e+01
1.000000000000000000e+00 1.013270476020634980e+01
1.000000000000000000e+00 1.072508021168142989e+01
1.000000000000000000e+00 1.031449254781816727e+01
1.000000000000000000e+00 1.029788499465382046e+01
1.000000000000000000e+00 1.075505989929166617e+01
1.000000000000000000e+00 1.010864868081440449e+01
1.000000000000000000e+00 1.005192764845923925e+01
1.000000000000000000e+00 1.090285548393333670e+01
1.000000000000000000e+00 1.050468454913137428e+01
1.000000000000000000e+00 1.021510742483108558e+01
1.000000000000000000e+00 1.004312169383161368e+01
1.000000000000000000e+00 1.031725856075116710e+01
1.000000000000000000e+00 1.014795421907112249e+01
1.000000000000000000e+00 1.038627298462418658e+01
1.000000000000000000e+00 1.064728581974861754e+01
1.000000000000000000e+00 1.053613263633335606e+01
1.000000000000000000e+00 1.058545566921755743e+01
1.000000000000000000e+00 1.006993810033800152e+01
1.000000000000000000e+00 1.062230582787585753e+01
1.000000000000000000e+00 1.016850288538362790e+01
1.000000000000000000e+00 1.063942024468314074e+01
1.000000000000000000e+00 1.087449737358187107e+01
1.000000000000000000e+00 1.028941153715060253e+01
1.000000000000000000e+00 1.023506200648225573e+01
1.000000000000000000e+00 1.033260164285288596e+01
1.000000000000000000e+00 1.038682650912625505e+01
1.000000000000000000e+00 1.057580886860527691e+01
1.000000000000000000e+00 1.037718498941795708e+01
1.000000000000000000e+00 1.042080778622724324e+01
1.000000000000000000e+00 1.065026978062334528e+01
1.000000000000000000e+00 1.044110502804718799e+01
1.000000000000000000e+00 1.065953834320599647e+01
1.000000000000000000e+00 1.078237428785619834e+01
1.000000000000000000e+00 1.093791028170682900e+01
1.000000000000000000e+00 1.039352069570126602e+01
1.000000000000000000e+00 1.048289405234579164e+01
1.000000000000000000e+00 1.092579744134216213e+01
1.000000000000000000e+00 1.096349909734407468e+01
1.000000000000000000e+00 1.042570380775708827e+01
1.000000000000000000e+00 1.098418684189312877e+01
1.000000000000000000e+00 1.008539814169623838e+01
1.000000000000000000e+00 1.081339536217823039e+01
1.000000000000000000e+00 1.073599162491014170e+01
1.000000000000000000e+00 1.042524335325009233e+01
1.000000000000000000e+00 1.084089664902922934e+01
1.000000000000000000e+00 1.049888923406978769e+01
1.000000000000000000e+00 1.098968867143775796e+01
1.000000000000000000e+00 1.076125774527071677e+01
1.000000000000000000e+00 1.085593407729313142e+01
1.000000000000000000e+00 1.069176009338080391e+01
1.000000000000000000e+00 1.024032952890834203e+01
1.000000000000000000e+00 1.045400805421511059e+01
1.000000000000000000e+00 1.034035954470587093e+01
1.000000000000000000e+00 1.005767443595574839e+01
1.000000000000000000e+00 1.071600964445380555e+01
1.000000000000000000e+00 1.091176972803528500e+01
1.000000000000000000e+00 1.095106149441660648e+01
1.000000000000000000e+00 1.044026612993851622e+01
1.000000000000000000e+00 1.046816754127312876e+01
1.000000000000000000e+00 1.074660989946156953e+01
1.000000000000000000e+00 1.036019702192654535e+01
1.000000000000000000e+00 1.079032545213388516e+01
1.000000000000000000e+00 1.088862954266668126e+01
1.000000000000000000e+00 1.069701828133687727e+01
1.000000000000000000e+00 1.018032194973927318e+01
1.000000000000000000e+00 1.040167043256212054e+01
1.000000000000000000e+00 1.071458469433368066e+01
1.000000000000000000e+00 1.049887891158443765e+01
1.000000000000000000e+00 1.099207351193012983e+01
1.000000000000000000e+00 1.047395615098597332e+01
1.000000000000000000e+00 1.085724939211670126e+01
1.000000000000000000e+00 1.074595507942205153e+01
1.000000000000000000e+00 1.099705901946363973e+01
1.000000000000000000e+00 1.083228658431868041e+01
1.000000000000000000e+00 1.014640972079929782e+01
1.000000000000000000e+00 1.083013656966151039e+01
1.000000000000000000e+00 1.022753528741107232e+01
1.000000000000000000e+00 1.096422027609623839e+01
1.000000000000000000e+00 1.016693207385419839e+01
1.000000000000000000e+00 1.026849750833873820e+01
1.000000000000000000e+00 1.048169653656537115e+01
1.000000000000000000e+00 1.030068714781547001e+01
1.000000000000000000e+00 1.047027992036611366e+01
1.000000000000000000e+00 1.070894839020091638e+01
1.000000000000000000e+00 1.029447416856908326e+01
1.000000000000000000e+00 1.063001573311259662e+01
1.000000000000000000e+00 1.041807961967600882e+01
1.000000000000000000e+00 1.009692538231261771e+01
1.000000000000000000e+00 1.037119230001656689e+01
1.000000000000000000e+00 1.004837112758320750e+01
1.000000000000000000e+00 1.035955145313831949e+01
1.000000000000000000e+00 1.067261963272713921e+01
1.000000000000000000e+00 1.087575253163239530e+01
1.000000000000000000e+00 1.070837615800984288e+01
1.000000000000000000e+00 1.094178863919203160e+01
1.000000000000000000e+00 1.083142005275650810e+01
1.000000000000000000e+00 1.092434583515665381e+01
1.000000000000000000e+00 1.082414127342600807e+01
1.000000000000000000e+00 1.062638556098782061e+01
1.000000000000000000e+00 1.014799274804149576e+01
1.000000000000000000e+00 1.038595546621376364e+01
1.000000000000000000e+00 1.057492322524062978e+01
1.000000000000000000e+00 1.033949331343943889e+01
1.000000000000000000e+00 1.099915387380443477e+01
1.000000000000000000e+00 1.039986723221375442e+01
1.000000000000000000e+00 1.002263710282515419e+01
1.000000000000000000e+00 1.004651316966755381e+01
1.000000000000000000e+00 1.011288194320167655e+01
1.000000000000000000e+00 1.005478631282251278e+01
1.000000000000000000e+00 1.088858950991197361e+01
1.000000000000000000e+00 1.077727708893358027e+01
1.000000000000000000e+00 1.024634665840095593e+01
1.000000000000000000e+00 1.002972933968861469e+01
1.000000000000000000e+00 1.088397894769091145e+01
1.000000000000000000e+00 1.024946435142194723e+01
1.000000000000000000e+00 1.014660588488187543e+01
1.000000000000000000e+00 1.043225854002094977e+01
1.000000000000000000e+00 1.040662199562494017e+01
1.000000000000000000e+00 1.071896768823228108e+01
1.000000000000000000e+00 1.005367323881482200e+01
1.000000000000000000e+00 1.085621754970230768e+01
1.000000000000000000e+00 1.088020449814860058e+01
1.000000000000000000e+00 1.066547867912289504e+01
1.000000000000000000e+00 1.080472565877968272e+01
1.000000000000000000e+00 1.062660374994518087e+01
1.000000000000000000e+00 1.053228193611442975e+01
1.000000000000000000e+00 1.026069870021665409e+01
1.000000000000000000e+00 1.075185883359395511e+01
1.000000000000000000e+00 1.088501921038447939e+01
1.000000000000000000e+00 1.060337153975238955e+01
1.000000000000000000e+00 1.048921674100558121e+01
1.000000000000000000e+00 1.094609611021876283e+01
1.000000000000000000e+00 1.037953175404308226e+01
1.000000000000000000e+00 1.088558068037364990e+01
1.000000000000000000e+00 1.005182271741696454e+01
1.000000000000000000e+00 1.021039708943873059e+01
1.000000000000000000e+00 1.036810375308620102e+01
1.000000000000000000e+00 1.025024758996687346e+01
1.000000000000000000e+00 1.017281006685495193e+01
1.000000000000000000e+00 1.070168105257515379e+01
1.000000000000000000e+00 1.017112463771680275e+01
1.000000000000000000e+00 1.052803950577292369e+01
1.000000000000000000e+00 1.053478027246723947e+01
1.000000000000000000e+00 1.044604532284312981e+01
1.000000000000000000e+00 1.039594365611200466e+01
1.000000000000000000e+00 1.031603357926874232e+01
1.000000000000000000e+00 1.064839731728754302e+01
1.000000000000000000e+00 1.044265820165604275e+01
1.000000000000000000e+00 1.082383900582276048e+01
1.000000000000000000e+00 1.076037771695044221e+01
1.000000000000000000e+00 1.081692504139128452e+01
1.000000000000000000e+00 1.035469322222382971e+01
1.000000000000000000e+00 1.012771599318960192e+01
1.000000000000000000e+00 1.063422331235762108e+01
1.000000000000000000e+00 1.068117271334295992e+01
1.000000000000000000e+00 1.010357205250695145e+01
1.000000000000000000e+00 1.078874007593418938e+01
1.000000000000000000e+00 1.041070610898615456e+01
1.000000000000000000e+00 1.020286852390943899e+01
1.000000000000000000e+00 1.036055744184309901e+01
1.000000000000000000e+00 1.050866040488199538e+01
1.000000000000000000e+00 1.084558463589898558e+01
1.000000000000000000e+00 1.033233855509979726e+01
1.000000000000000000e+00 1.023177888012641468e+01
1.000000000000000000e+00 1.008489300770116337e+01
1.000000000000000000e+00 1.099928188584047817e+01
1.000000000000000000e+00 1.070718028765807617e+01
1.000000000000000000e+00 1.010533898846694179e+01
1.000000000000000000e+00 1.037774544330276605e+01
1.000000000000000000e+00 1.068813393049512328e+01
1.000000000000000000e+00 1.025435355507398150e+01
1.000000000000000000e+00 1.029043782426025899e+01
1.000000000000000000e+00 1.021626166699986094e+01
1.000000000000000000e+00 1.036095927687810558e+01
1.000000000000000000e+00 1.063513721124513012e+01
1.000000000000000000e+00 1.082784860436136931e+01
1.000000000000000000e+00 1.031846992200943269e+01
1.000000000000000000e+00 1.054386153020169559e+01
1.000000000000000000e+00 1.067941195255166775e+01
1.000000000000000000e+00 1.059656624558824412e+01
1.000000000000000000e+00 1.066735322770290928e+01
1.000000000000000000e+00 1.023434767315045590e+01
1.000000000000000000e+00 1.090126716029025644e+01
1.000000000000000000e+00 1.030561463265492073e+01
1.000000000000000000e+00 1.053091925769837012e+01
1.000000000000000000e+00 1.070741543042575472e+01
1.000000000000000000e+00 1.011542041474371700e+01
1.000000000000000000e+00 1.047576508332981682e+01
1.000000000000000000e+00 1.094677417644944484e+01
1.000000000000000000e+00 1.064684105098255174e+01
1.000000000000000000e+00 1.041526888778988891e+01
1.000000000000000000e+00 1.005344583886847865e+01
1.000000000000000000e+00 1.042847388634530503e+01
1.000000000000000000e+00 1.081179555399449121e+01
1.000000000000000000e+00 1.000941159889565135e+01
1.000000000000000000e+00 1.065379060992220950e+01
1.000000000000000000e+00 1.057747423343755777e+01
1.000000000000000000e+00 1.078376844403198120e+01
1.000000000000000000e+00 1.088160591566430213e+01
1.000000000000000000e+00 1.092285658149978822e+01
1.000000000000000000e+00 1.059883621320959435e+01
1.000000000000000000e+00 1.039213992526313746e+01
1.000000000000000000e+00 1.014496318987014334e+01
1.000000000000000000e+00 1.062789147264154010e+01
1.000000000000000000e+00 1.044029611119307077e+01
1.000000000000000000e+00 1.000875614915451628e+01
1.000000000000000000e+00 1.028832602411060471e+01
1.000000000000000000e+00 1.094441572909818561e+01
1.000000000000000000e+00 1.075730064666103480e+01
1.000000000000000000e+00 1.015659417260460273e+01
1.000000000000000000e+00 1.002057474557071259e+01
1.000000000000000000e+00 1.029766682025757518e+01
1.000000000000000000e+00 1.052882427591849002e+01
1.000000000000000000e+00 1.044781046773894673e+01
1.000000000000000000e+00 1.095207222431040606e+01
1.000000000000000000e+00 1.027401789428645174e+01
1.000000000000000000e+00 1.016982270027424562e+01
1.000000000000000000e+00 1.084139740336426350e+01
1.000000000000000000e+00 1.024322788890435731e+01
1.000000000000000000e+00 1.054954272442378382e+01
1.000000000000000000e+00 1.024796022748562940e+01
1.000000000000000000e+00 1.087097892571071434e+01
1.000000000000000000e+00 1.071854954504043178e+01
1.000000000000000000e+00 1.009633918166632505e+01
1.000000000000000000e+00 1.038670212876782983e+01
1.000000000000000000e+00 1.047981288973749692e+01
1.000000000000000000e+00 1.047917676428815348e+01
1.000000000000000000e+00 1.017949861632315312e+01
1.000000000000000000e+00 1.067456152820169102e+01
1.000000000000000000e+00 1.019969243916462531e+01
1.000000000000000000e+00 1.091013779944748485e+01
1.000000000000000000e+00 1.002788035725598270e+01
1.000000000000000000e+00 1.041423056945639125e+01
1.000000000000000000e+00 1.024707025264384974e+01
1.000000000000000000e+00 1.029703727661570767e+01
1.000000000000000000e+00 1.004611843828827489e+01
1.000000000000000000e+00 1.044393031183418508e+01
1.000000000000000000e+00 1.056529350545785562e+01
1.000000000000000000e+00 1.041089476074960274e+01
1.000000000000000000e+00 1.053933681392044974e+01
1.000000000000000000e+00 1.036367355524283518e+01
1.000000000000000000e+00 1.034936302151070464e+01
1.000000000000000000e+00 1.012062142106882945e+01
1.000000000000000000e+00 1.096597858804521231e+01
1.000000000000000000e+00 1.011284273220337937e+01
1.000000000000000000e+00 1.075818271221210409e+01
1.000000000000000000e+00 1.027788920725885191e+01
1.000000000000000000e+00 1.046447021220051354e+01
1.000000000000000000e+00 1.015792191932446542e+01
1.000000000000000000e+00 1.085778532910925875e+01
1.000000000000000000e+00 1.053820165766997619e+01
1.000000000000000000e+00 1.021726688821154205e+01
1.000000000000000000e+00 1.057095773852260301e+01
1.000000000000000000e+00 1.059098736249113593e+01
1.000000000000000000e+00 1.080543578952426742e+01
1.000000000000000000e+00 1.062401070007778436e+01
1.000000000000000000e+00 1.098622295782181091e+01
1.000000000000000000e+00 1.063807148424225346e+01
1.000000000000000000e+00 1.080458952927542526e+01
1.000000000000000000e+00 1.035008184834786427e+01
1.000000000000000000e+00 1.026976345444428240e+01
1.000000000000000000e+00 1.098238977824759743e+01
1.000000000000000000e+00 1.072170258881962646e+01
1.000000000000000000e+00 1.062804338810704685e+01
1.000000000000000000e+00 1.067230404952038469e+01
1.000000000000000000e+00 1.027278333812812683e+01
1.000000000000000000e+00 1.071827083551478133e+01
1.000000000000000000e+00 1.084606967794963417e+01
1.000000000000000000e+00 1.043468528570681286e+01
1.000000000000000000e+00 1.035169875350241853e+01
1.000000000000000000e+00 1.023167745996191336e+01
1.000000000000000000e+00 1.050318268896114660e+01
1.000000000000000000e+00 1.045463365692917002e+01
1.000000000000000000e+00 1.009465834880454338e+01
1.000000000000000000e+00 1.092433883277316653e+01
1.000000000000000000e+00 1.079279432250018722e+01
1.000000000000000000e+00 1.018836671905740232e+01
1.000000000000000000e+00 1.059105425047254023e+01
1.000000000000000000e+00 1.076584113812140764e+01
1.000000000000000000e+00 1.005986933015222995e+01
1.000000000000000000e+00 1.018325383060457234e+01
1.000000000000000000e+00 1.028700494323236825e+01
1.000000000000000000e+00 1.046260307590885930e+01
1.000000000000000000e+00 1.056948337929985549e+01
1.000000000000000000e+00 1.081271632770165247e+01
1.000000000000000000e+00 1.013870069170147659e+01
1.000000000000000000e+00 1.048629240750128488e+01
1.000000000000000000e+00 1.022487688213281132e+01
1.000000000000000000e+00 1.085933885251132303e+01
1.000000000000000000e+00 1.017933356656653032e+01
1.000000000000000000e+00 1.020216711083473449e+01
1.000000000000000000e+00 1.055555932915373774e+01
1.000000000000000000e+00 1.091905298691563786e+01
1.000000000000000000e+00 1.025401871763966533e+01
1.000000000000000000e+00 1.063333429421949106e+01
1.000000000000000000e+00 1.001646317569983680e+01
1.000000000000000000e+00 1.040261672398661119e+01
1.000000000000000000e+00 1.024208983814589580e+01
1.000000000000000000e+00 1.017343961263240537e+01
1.000000000000000000e+00 1.083586902775568284e+01
